learningRate: 0.0001
epochs: (224, 1000)
treshold: 0.5
model: Ivan_NN4(
  (net): Sequential(
    (0): Linear(in_features=28, out_features=24, bias=True)
    (1): BatchNorm1d(24, eps=1e-05, momentum=0.1, affine=True, track_running_stats=True)
    (2): Tanh()
    (3): Dropout(p=0.4, inplace=False)
    (4): Linear(in_features=24, out_features=1, bias=True)
  )
)
initial training loss: [0.0055671695455328215, 0.005565084342832689, 0.005534079988281448, 0.0055324085966333165, 0.00554528858754542, 0.005513883024067074, 0.0054860245871853515, 0.005479307762988202, 0.005449262176241193, 0.005405836198237035, 0.005415916582206627, 0.005386203620340917, 0.005359572621134969, 0.005330181942357646, 0.005322293197953856, 0.005280992210685433, 0.005274541393502966, 0.005211930832305512, 0.005202718183591768, 0.005188326402143999, 0.005147084616995477, 0.005137044222323925, 0.0050921750997568105, 0.0050710755199580996, 0.005063693291181093, 0.004999796616566646, 0.004985972766752367, 0.0049668524327216215, 0.004925690873876795, 0.0049064368396610405, 0.004845967168931837, 0.004830443193386128, 0.004796069984312181, 0.004749691718584532, 0.004715504181849492, 0.004688123062059477, 0.0046643709981596315, 0.004623079191554676, 0.004596001405220527, 0.004547987696412322, 0.004527831216911217, 0.0045019001310521905, 0.004454891062402106, 0.004411106651479548, 0.004386900493076869, 0.004357172560382199, 0.004308318859570987, 0.004269932849066598, 0.0042594951158994206, 0.00421044812574015, 0.0041636150533502754, 0.004145578022127027, 0.004092178406653466, 0.00404961431181276, 0.0040181611420272234, 0.003979294810976301, 0.003950358706635314, 0.003903912940582672, 0.0038640546798706056, 0.0038276012686939984, 0.003782539754718929, 0.003748860328228443, 0.0037124150604396673, 0.003693843956117506, 0.0036544730601372655, 0.0036137286873606893, 0.003587326864143471, 0.0035378051887859, 0.003487821120720405, 0.0034608616147722517, 0.0034489002630308076, 0.0034010245738091407, 0.003353357051874136, 0.0033143666812351772, 0.003272027024975071, 0.0032600080347680426, 0.0032222957270486015, 0.0031948514418168503, 0.003161896312391603, 0.0031127651945337073, 0.0030917043345315117, 0.0030769942720215043, 0.0030337081404475425, 0.0029932324994694105, 0.0029593153278548996, 0.00293727813603042, 0.002901000659187119, 0.002861730061568223, 0.0028564948540229303, 0.002833553250733908, 0.0027869536350299787, 0.0027593200392537305, 0.0027358630957541527, 0.0027252161193203617, 0.002690880066388613, 0.0026507787658022596, 0.00263244518985996, 0.0026215198829576567, 0.0025975223330708293, 0.0025802041493452987, 0.0025415987085986446, 0.0025445249096139686, 0.002521842493639364, 0.0024924813926994025, 0.002467480565046335, 0.0024650021652122597, 0.002443952119195616, 0.0024312700157041673, 0.0024162007539303273, 0.002392892520149033, 0.0023802411169200747, 0.0023750438937893163, 0.002356163750995289, 0.002341193819974924, 0.002336929843023226, 0.002313623916019093, 0.0022907060694384884, 0.0022914491303555377, 0.0022722721719122554, 0.0022726652064880767, 0.002250630282736444, 0.0022433362456111164, 0.0022325110899937615, 0.0022116383097388528, 0.002213347430353041, 0.002196592077032312, 0.002191471480703973, 0.0021921758140836444, 0.002187281529624741, 0.0021639655240170367, 0.0021548767832966593, 0.0021589234897068568, 0.0021386119839432952, 0.002143538679395403, 0.002123973106409048, 0.0021273909683351393, 0.0021222797152283903, 0.0020976663874341297, 0.0021038290974381684, 0.002102865135514891, 0.002091226090084423, 0.002071588681889819, 0.0020678798177025536, 0.0020667707842665834, 0.0020592531600555817, 0.002065479995368363, 0.0020679742562306393, 0.0020588472059794834, 0.0020405831584682714, 0.0020522582143932193, 0.002053660889724632, 0.0020264144686909465, 0.002028445593722455, 0.0020261198978919486, 0.002021242372401349, 0.002000123866192706, 0.002019367001273415, 0.0020045771459480384, 0.0020098597507972223, 0.0020041048526763918, 0.0019994937986522526, 0.00200090834072658, 0.001985676335049914, 0.0019890850782394408, 0.0019923605779548744, 0.001976867790346022, 0.0019804281847817557, 0.0019799056223460607, 0.0019636787919255047, 0.001968654843119832, 0.001963208294534064, 0.001965138687715902, 0.0019653444321124586, 0.001969795645057381, 0.0019578066971394923, 0.001953915187290737, 0.001957539799925569, 0.0019553703766364556, 0.0019488047856789131, 0.0019453744764451858, 0.001956513493092029, 0.001948736697048336, 0.001948958511476393, 0.0019536411142968514, 0.0019488629350414525, 0.0019490683233583128, 0.0019387404717408217, 0.0019397654316642067, 0.0019336393282010959, 0.0019394397658187073, 0.001945098452753835, 0.0019329166180127627, 0.0019360182502053001, 0.00193403553653073, 0.0019185404885898936, 0.0019219320006184763, 0.001913534588628001, 0.0019241447262949758, 0.0019220868256184962, 0.001920740372174746, 0.001907648111318613, 0.0019131953453088736, 0.0019125338963099888, 0.0019048795684591517, 0.0019076244784640027, 0.0018968892561924923, 0.001888737678527832, 0.0018955531290599278, 0.0018922136665938736, 0.0018889248138898378, 0.0018886973873361364, 0.0018998114551816668, 0.0018788671648347533, 0.0018727309053594417, 0.0018764669864208667, 0.0018581755207730578, 0.0018707521782292949, 0.001863835183056918, 0.0018541840686426535, 0.0018704326973332987, 0.0018502854294591136, 0.0018466321988539261, 0.0018322310509619774, 0.001847622495192986, 0.0018280164374933614]
initial training acc: [0.4278571428571429, 0.42435064935064937, 0.4317532467532468, 0.4311038961038961, 0.43207792207792206, 0.43493506493506495, 0.4317532467532468, 0.43948051948051947, 0.4401948051948052, 0.44376623376623375, 0.4471428571428571, 0.446038961038961, 0.4455844155844156, 0.4525974025974026, 0.4553896103896104, 0.4566233766233766, 0.4601948051948052, 0.46266233766233766, 0.4662337662337662, 0.4688311688311688, 0.47415584415584416, 0.4750649350649351, 0.47935064935064936, 0.48305194805194807, 0.48474025974025975, 0.49357142857142855, 0.4987012987012987, 0.5022077922077922, 0.5092857142857142, 0.51, 0.5164935064935064, 0.5225974025974026, 0.5294155844155845, 0.5346103896103896, 0.5385064935064935, 0.5464285714285714, 0.550064935064935, 0.5532467532467532, 0.5612337662337662, 0.5688311688311688, 0.5690909090909091, 0.5752597402597402, 0.5865584415584416, 0.5886363636363636, 0.5931818181818181, 0.6003896103896104, 0.6101298701298701, 0.6179220779220779, 0.6171428571428571, 0.6236363636363637, 0.6311688311688312, 0.6274675324675325, 0.6402597402597403, 0.6443506493506493, 0.6487662337662338, 0.6579220779220779, 0.6637012987012987, 0.6603896103896104, 0.6666883116883117, 0.6729220779220779, 0.6764935064935065, 0.6787012987012987, 0.6851948051948052, 0.6881168831168831, 0.6905844155844156, 0.693051948051948, 0.692012987012987, 0.7003896103896103, 0.7040909090909091, 0.7082467532467532, 0.7068181818181818, 0.7064935064935065, 0.7122727272727273, 0.7151298701298702, 0.7161038961038961, 0.7165584415584415, 0.7147402597402598, 0.7224675324675325, 0.7221428571428572, 0.7235714285714285, 0.7254545454545455, 0.7277272727272728, 0.727987012987013, 0.7301948051948052, 0.7324025974025974, 0.7335714285714285, 0.7330519480519481, 0.7330519480519481, 0.7350649350649351, 0.7321428571428571, 0.7342857142857143, 0.7351298701298701, 0.7332467532467533, 0.7328571428571429, 0.7338961038961039, 0.7364935064935065, 0.7362987012987013, 0.732987012987013, 0.7324025974025974, 0.7338311688311688, 0.7348701298701299, 0.7314935064935065, 0.7330519480519481, 0.7318181818181818, 0.7324025974025974, 0.7322077922077922, 0.7294155844155844, 0.7304545454545455, 0.7305194805194806, 0.7295454545454545, 0.7285714285714285, 0.7292207792207792, 0.7283766233766233, 0.7287662337662337, 0.7251298701298702, 0.7294155844155844, 0.7290909090909091, 0.7238961038961039, 0.7261688311688311, 0.7274675324675325, 0.7266883116883117, 0.7252597402597403, 0.7235064935064935, 0.7238961038961039, 0.7203246753246754, 0.7203246753246754, 0.7205844155844155, 0.7223376623376624, 0.722012987012987, 0.7188311688311688, 0.7231168831168832, 0.7205844155844155, 0.7177922077922078, 0.7176623376623377, 0.7182467532467532, 0.7153896103896104, 0.7175974025974026, 0.7166883116883117, 0.7146103896103896, 0.7142857142857143, 0.7120779220779221, 0.716038961038961, 0.713051948051948, 0.7144805194805195, 0.7092857142857143, 0.7128571428571429, 0.7115584415584416, 0.7101298701298702, 0.7114935064935065, 0.7101948051948052, 0.7090909090909091, 0.7126623376623377, 0.7109090909090909, 0.7096753246753247, 0.709935064935065, 0.711038961038961, 0.7084415584415584, 0.7093506493506494, 0.7072727272727273, 0.7068831168831169, 0.7072727272727273, 0.707922077922078, 0.7070779220779221, 0.7066883116883117, 0.7083116883116883, 0.7053896103896103, 0.7087662337662337, 0.705, 0.7070779220779221, 0.7042857142857143, 0.7037012987012987, 0.7044805194805195, 0.7056493506493506, 0.7054545454545454, 0.7059090909090909, 0.7035064935064935, 0.7043506493506494, 0.7052597402597403, 0.7023376623376624, 0.7055844155844155, 0.7045454545454546, 0.706038961038961, 0.7046103896103896, 0.7023376623376624, 0.7036363636363636, 0.7014285714285714, 0.7037012987012987, 0.7038961038961039, 0.7033766233766233, 0.7033116883116883, 0.703051948051948, 0.701038961038961, 0.7050649350649351, 0.7052597402597403, 0.7042857142857143, 0.6988961038961039, 0.7058441558441558, 0.7034415584415584, 0.6966233766233766, 0.7015584415584416, 0.701948051948052, 0.6996753246753247, 0.702922077922078, 0.7008441558441558, 0.6987662337662338, 0.7002597402597402, 0.6972727272727273, 0.698051948051948, 0.6977272727272728, 0.6956493506493506, 0.6972077922077922, 0.6968181818181818, 0.6971428571428572, 0.7001298701298702, 0.6931818181818182, 0.6941558441558442, 0.6929220779220779, 0.6944805194805195, 0.6964935064935065, 0.6966883116883117, 0.6929220779220779, 0.6942207792207792, 0.6954545454545454, 0.6925324675324676, 0.6907142857142857]
initial validation loss: [0.002228788447604284, 0.0022383341594923254, 0.0022364991211965913, 0.002233156589878764, 0.002229260239855249, 0.0022255604543656017, 0.0022212562142494706, 0.002217015502594855, 0.002212678003460636, 0.0022078225605166443, 0.0022030954824345987, 0.002197083634642598, 0.0021923535669858924, 0.0021868648947593185, 0.002180753643609887, 0.002175131374765713, 0.002168797774000975, 0.0021623944787769857, 0.002156082365580113, 0.0021501579628469053, 0.002144109305916909, 0.0021369588038764402, 0.0021307670210596163, 0.002123523842204701, 0.0021177520946275476, 0.002110746773806485, 0.00210467924518645, 0.002098478306797231, 0.002092420867991672, 0.0020862701918264166, 0.0020802265798036583, 0.0020736695083331167, 0.0020678835602763305, 0.0020623307990429917, 0.002056025786085936, 0.002050334943873008, 0.0020449004576871387, 0.0020389140212797446, 0.002033235324213871, 0.0020283673624259925, 0.002022569642918984, 0.0020164759555206776, 0.002011357430006643, 0.0020067441426100774, 0.002000668766356561, 0.0019965207315163925, 0.0019919939549365388, 0.00198681825380714, 0.0019823761195598352, 0.0019772316221159454, 0.0019723612312986557, 0.00196767768889759, 0.001962334197890422, 0.001957469786222452, 0.0019529387121290248, 0.0019489367927503437, 0.001943958403548477, 0.001940004317364349, 0.001936513615252456, 0.0019317872845640751, 0.0019297011219969365, 0.001927675311468238, 0.0019242961578608306, 0.0019202503291043367, 0.0019191101800685392, 0.0019176968586482224, 0.0019160260601103494, 0.0019140895631246059, 0.0019124886458944004, 0.0019137610836088845, 0.001912870003511913, 0.0019121220493017693, 0.001911943982761108, 0.0019144518622036639, 0.0019166910536236898, 0.0019175406533722594, 0.0019201021583102713, 0.001920581050801053, 0.0019213794540835771, 0.001926932215316916, 0.0019269621110635118, 0.0019314266671207631, 0.0019396369733780529, 0.0019429331662886569, 0.0019453917177493295, 0.0019487026716848153, 0.0019523815301518456, 0.001959256430778384, 0.001966183835809881, 0.001967559040153288, 0.001978268257129155, 0.0019895694098876187, 0.0019919319212623526, 0.0020040615598983526, 0.0020108049192398693, 0.0020198698701529667, 0.0020291472677153107, 0.0020389906291303963, 0.0020509341667438374, 0.002054488023620414, 0.0020662768507452222, 0.002075480069486325, 0.002081800404013511, 0.0020908812370419878, 0.002100513272898324, 0.0021149017220380537, 0.002128392551386244, 0.002136612573761178, 0.002140241543701076, 0.002155648690406058, 0.002163209137871721, 0.0021770620794505533, 0.0021845326528280133, 0.0021921069270764773, 0.0021987179977393076, 0.0022077205412813863, 0.002219780672306551, 0.0022323682764107157, 0.0022402476741228733, 0.0022513954243316174, 0.002263457236992528, 0.0022689778602982763, 0.0022741913048077524, 0.0022796564341338826, 0.002290002978333859, 0.0022939918183234043, 0.002306627816167371, 0.0023178452608353666, 0.0023211289349020837, 0.0023288609092138404, 0.0023341051837119935, 0.0023413520995352335, 0.0023539185897683648, 0.0023629211333104434, 0.0023593470968049147, 0.00236702077441081, 0.0023729939445806523, 0.002382034792048057, 0.0023904646451944093, 0.002392204577646285, 0.0024007059937360517, 0.002409652295904847, 0.002413232124711279, 0.0024217445648576025, 0.0024288900219908327, 0.0024297029994498225, 0.002435392346875421, 0.0024450862295575275, 0.002449448766379521, 0.0024567848088972995, 0.0024606662110475165, 0.0024633082476529207, 0.0024676937668301094, 0.002472469986045622, 0.0024756843393499203, 0.002476856252616476, 0.0024883661150558616, 0.0024899550739874285, 0.002494729424718779, 0.0024942312868411263, 0.002495574913802192, 0.0025081810158995624, 0.002507292177983586, 0.002515576102516868, 0.002511664617771639, 0.002513366993691854, 0.002522123457869766, 0.002529821238921354, 0.0025270465399404303, 0.00252587238449288, 0.0025335557782164187, 0.0025338394141122466, 0.002530026024785535, 0.002540152835248032, 0.0025399039531576223, 0.002539224385467816, 0.002537021629488954, 0.0025455422909655915, 0.002540974220885752, 0.0025497517989346973, 0.0025435908461065504, 0.002542012537534708, 0.002546312480137266, 0.0025555521343195325, 0.002550007033871259, 0.0025534271072818193, 0.0025556603195525263, 0.0025589776263341634, 0.0025595394795217483, 0.0025650686978546428, 0.0025615860302246477, 0.0025707948544182375, 0.0025656544676395045, 0.0025687580198329816, 0.0025791718294627987, 0.0025763631240701226, 0.0025838327632055013, 0.0025850739972344762, 0.002585443209704934, 0.0025910568835219618, 0.0025952110843598655, 0.002600629688430356, 0.002600701811919018, 0.0026118742261187038, 0.002608696121407153, 0.002606677224269855, 0.0026210611890475953, 0.002627539971031739, 0.0026245507700689906, 0.0026317121093176, 0.0026343782493686973, 0.0026398474893599842, 0.0026431933839493036, 0.002645910346769614, 0.002648049200590128, 0.002648143745888737, 0.002664303518014268, 0.0026678603644655044, 0.002680200954963421, 0.002685038460459455, 0.002690326644335421, 0.002690863459835232, 0.002695024200367703, 0.002701031937494547, 0.002708858643953329]
initial validation acc: [0.335423197492163, 0.3463949843260188, 0.3463949843260188, 0.3448275862068966, 0.3432601880877743, 0.3463949843260188, 0.3463949843260188, 0.3401253918495298, 0.3432601880877743, 0.3432601880877743, 0.3432601880877743, 0.3401253918495298, 0.335423197492163, 0.3338557993730408, 0.3338557993730408, 0.3338557993730408, 0.3338557993730408, 0.3338557993730408, 0.33699059561128525, 0.3338557993730408, 0.33072100313479624, 0.33072100313479624, 0.31974921630094044, 0.3213166144200627, 0.31504702194357365, 0.3181818181818182, 0.31191222570532917, 0.30407523510971785, 0.30407523510971785, 0.2993730407523511, 0.30094043887147337, 0.30094043887147337, 0.30094043887147337, 0.29310344827586204, 0.29780564263322884, 0.29153605015673983, 0.2884012539184953, 0.2884012539184953, 0.2946708463949843, 0.29153605015673983, 0.29310344827586204, 0.2993730407523511, 0.3072100313479624, 0.3103448275862069, 0.3213166144200627, 0.329153605015674, 0.33072100313479624, 0.335423197492163, 0.34169278996865204, 0.3510971786833856, 0.3542319749216301, 0.3510971786833856, 0.3557993730407524, 0.35893416927899685, 0.35893416927899685, 0.3573667711598746, 0.3620689655172414, 0.37460815047021945, 0.3761755485893417, 0.3777429467084639, 0.3777429467084639, 0.3824451410658307, 0.38557993730407525, 0.3949843260188088, 0.4012539184952978, 0.4059561128526646, 0.4122257053291536, 0.4263322884012539, 0.42946708463949845, 0.4373040752351097, 0.438871473354232, 0.438871473354232, 0.44357366771159873, 0.44043887147335425, 0.438871473354232, 0.44357366771159873, 0.44200626959247646, 0.44357366771159873, 0.44357366771159873, 0.44200626959247646, 0.445141065830721, 0.4482758620689655, 0.445141065830721, 0.45454545454545453, 0.45768025078369906, 0.4592476489028213, 0.46394984326018807, 0.46551724137931033, 0.4561128526645768, 0.46238244514106586, 0.45454545454545453, 0.4482758620689655, 0.45297805642633227, 0.45454545454545453, 0.45141065830721006, 0.45454545454545453, 0.45297805642633227, 0.4498432601880878, 0.445141065830721, 0.4482758620689655, 0.445141065830721, 0.44357366771159873, 0.44357366771159873, 0.445141065830721, 0.44200626959247646, 0.438871473354232, 0.4373040752351097, 0.4373040752351097, 0.44200626959247646, 0.438871473354232, 0.44043887147335425, 0.43573667711598746, 0.4373040752351097, 0.4341692789968652, 0.4373040752351097, 0.4373040752351097, 0.43260188087774293, 0.42946708463949845, 0.42946708463949845, 0.42946708463949845, 0.4278996865203762, 0.42476489028213166, 0.4263322884012539, 0.42476489028213166, 0.4216300940438871, 0.4263322884012539, 0.4153605015673981, 0.41379310344827586, 0.4169278996865204, 0.4169278996865204, 0.4153605015673981, 0.41379310344827586, 0.4122257053291536, 0.40752351097178685, 0.41379310344827586, 0.41379310344827586, 0.4106583072100313, 0.4106583072100313, 0.4090909090909091, 0.4090909090909091, 0.4043887147335423, 0.4043887147335423, 0.4043887147335423, 0.40282131661442006, 0.3981191222570533, 0.4043887147335423, 0.4012539184952978, 0.39655172413793105, 0.3981191222570533, 0.39655172413793105, 0.39655172413793105, 0.3996865203761755, 0.3981191222570533, 0.3996865203761755, 0.3949843260188088, 0.3996865203761755, 0.3949843260188088, 0.3949843260188088, 0.3949843260188088, 0.3981191222570533, 0.3949843260188088, 0.3887147335423197, 0.390282131661442, 0.390282131661442, 0.39184952978056425, 0.39184952978056425, 0.3887147335423197, 0.384012539184953, 0.3871473354231975, 0.3871473354231975, 0.3824451410658307, 0.38557993730407525, 0.3887147335423197, 0.384012539184953, 0.384012539184953, 0.38557993730407525, 0.390282131661442, 0.384012539184953, 0.38557993730407525, 0.3824451410658307, 0.3824451410658307, 0.38557993730407525, 0.3824451410658307, 0.3793103448275862, 0.3824451410658307, 0.3824451410658307, 0.38087774294670845, 0.3777429467084639, 0.3777429467084639, 0.3761755485893417, 0.3777429467084639, 0.3777429467084639, 0.3777429467084639, 0.3777429467084639, 0.3777429467084639, 0.3761755485893417, 0.3761755485893417, 0.3761755485893417, 0.3761755485893417, 0.37460815047021945, 0.37460815047021945, 0.3761755485893417, 0.3761755485893417, 0.3730407523510972, 0.37460815047021945, 0.37460815047021945, 0.3730407523510972, 0.3714733542319749, 0.3730407523510972, 0.3730407523510972, 0.3730407523510972, 0.3714733542319749, 0.37460815047021945, 0.37460815047021945, 0.37460815047021945, 0.37460815047021945, 0.3714733542319749, 0.3714733542319749, 0.3652037617554859, 0.3652037617554859, 0.36363636363636365, 0.3652037617554859, 0.36363636363636365, 0.36363636363636365, 0.36363636363636365]
initial validation precision: [0.09276018099547512, 0.09425287356321839, 0.09425287356321839, 0.09403669724770643, 0.09195402298850575, 0.09425287356321839, 0.09425287356321839, 0.09153318077803203, 0.09382151029748284, 0.09382151029748284, 0.09567198177676538, 0.09523809523809523, 0.09641255605381166, 0.09619686800894854, 0.09619686800894854, 0.09799554565701558, 0.09799554565701558, 0.10154525386313466, 0.1054945054945055, 0.1050328227571116, 0.10629067245119306, 0.10629067245119306, 0.1047008547008547, 0.10492505353319058, 0.1040339702760085, 0.1044776119402985, 0.10359408033826638, 0.10251046025104603, 0.10251046025104603, 0.10187110187110188, 0.1037344398340249, 0.1037344398340249, 0.1037344398340249, 0.10103092783505155, 0.1016597510373444, 0.10082304526748971, 0.10040983606557377, 0.10040983606557377, 0.1012396694214876, 0.10569105691056911, 0.1075050709939148, 0.1083844580777096, 0.1111111111111111, 0.1115702479338843, 0.11320754716981132, 0.11764705882352941, 0.11789473684210526, 0.11864406779661017, 0.11965811965811966, 0.12284482758620689, 0.12337662337662338, 0.12284482758620689, 0.12526997840172785, 0.12581344902386118, 0.12581344902386118, 0.12554112554112554, 0.12636165577342048, 0.13024282560706402, 0.13053097345132744, 0.13082039911308205, 0.13245033112582782, 0.13333333333333333, 0.13392857142857142, 0.13574660633484162, 0.1353211009174312, 0.13625866050808313, 0.1358313817330211, 0.13875598086124402, 0.13768115942028986, 0.1393643031784841, 0.13970588235294118, 0.13970588235294118, 0.13895781637717122, 0.1382716049382716, 0.13793103448275862, 0.13895781637717122, 0.13681592039800994, 0.13533834586466165, 0.13350125944584382, 0.13316582914572864, 0.13383838383838384, 0.13451776649746192, 0.13383838383838384, 0.1358974358974359, 0.13659793814432988, 0.13695090439276486, 0.13612565445026178, 0.13648293963254593, 0.1343669250645995, 0.13577023498694518, 0.13402061855670103, 0.1326530612244898, 0.13367609254498714, 0.13402061855670103, 0.13333333333333333, 0.1358974358974359, 0.13554987212276215, 0.13486005089058525, 0.13383838383838384, 0.1326530612244898, 0.1319796954314721, 0.13164556962025317, 0.13164556962025317, 0.1319796954314721, 0.13131313131313133, 0.1306532663316583, 0.13032581453634084, 0.13032581453634084, 0.12944162436548223, 0.12878787878787878, 0.1291139240506329, 0.12814070351758794, 0.12846347607052896, 0.12781954887218044, 0.12846347607052896, 0.12846347607052896, 0.1275, 0.12686567164179105, 0.12686567164179105, 0.12686567164179105, 0.12655086848635236, 0.12776412776412777, 0.12807881773399016, 0.12776412776412777, 0.1271393643031785, 0.12807881773399016, 0.12590799031476999, 0.12560386473429952, 0.1262135922330097, 0.1262135922330097, 0.12590799031476999, 0.12560386473429952, 0.12530120481927712, 0.12440191387559808, 0.12560386473429952, 0.12560386473429952, 0.125, 0.125, 0.12470023980815348, 0.12470023980815348, 0.12380952380952381, 0.12380952380952381, 0.12380952380952381, 0.12351543942992874, 0.12264150943396226, 0.12380952380952381, 0.12322274881516587, 0.1223529411764706, 0.12264150943396226, 0.1223529411764706, 0.1223529411764706, 0.12293144208037825, 0.12264150943396226, 0.12293144208037825, 0.12206572769953052, 0.12293144208037825, 0.12206572769953052, 0.12206572769953052, 0.12206572769953052, 0.12264150943396226, 0.12206572769953052, 0.12093023255813953, 0.12121212121212122, 0.12121212121212122, 0.12149532710280374, 0.12149532710280374, 0.12093023255813953, 0.12009237875288684, 0.12064965197215777, 0.12064965197215777, 0.11981566820276497, 0.12037037037037036, 0.12093023255813953, 0.12009237875288684, 0.12009237875288684, 0.12037037037037036, 0.12121212121212122, 0.12009237875288684, 0.12037037037037036, 0.11981566820276497, 0.11981566820276497, 0.12037037037037036, 0.11981566820276497, 0.11926605504587157, 0.11981566820276497, 0.11981566820276497, 0.11954022988505747, 0.11899313501144165, 0.11899313501144165, 0.1187214611872146, 0.11899313501144165, 0.11899313501144165, 0.11899313501144165, 0.11899313501144165, 0.11899313501144165, 0.1187214611872146, 0.1187214611872146, 0.1187214611872146, 0.1187214611872146, 0.11845102505694761, 0.11845102505694761, 0.1187214611872146, 0.1187214611872146, 0.11818181818181818, 0.11845102505694761, 0.11845102505694761, 0.11818181818181818, 0.11791383219954649, 0.11818181818181818, 0.11818181818181818, 0.11990950226244344, 0.11791383219954649, 0.12018140589569161, 0.12018140589569161, 0.12018140589569161, 0.12018140589569161, 0.11963882618510158, 0.11963882618510158, 0.1185682326621924, 0.1185682326621924, 0.11830357142857142, 0.1185682326621924, 0.11830357142857142, 0.11830357142857142, 0.12]
initial validation recall: [0.640625, 0.640625, 0.640625, 0.640625, 0.625, 0.640625, 0.640625, 0.625, 0.640625, 0.640625, 0.65625, 0.65625, 0.671875, 0.671875, 0.671875, 0.6875, 0.6875, 0.71875, 0.75, 0.75, 0.765625, 0.765625, 0.765625, 0.765625, 0.765625, 0.765625, 0.765625, 0.765625, 0.765625, 0.765625, 0.78125, 0.78125, 0.78125, 0.765625, 0.765625, 0.765625, 0.765625, 0.765625, 0.765625, 0.8125, 0.828125, 0.828125, 0.84375, 0.84375, 0.84375, 0.875, 0.875, 0.875, 0.875, 0.890625, 0.890625, 0.890625, 0.90625, 0.90625, 0.90625, 0.90625, 0.90625, 0.921875, 0.921875, 0.921875, 0.9375, 0.9375, 0.9375, 0.9375, 0.921875, 0.921875, 0.90625, 0.90625, 0.890625, 0.890625, 0.890625, 0.890625, 0.875, 0.875, 0.875, 0.875, 0.859375, 0.84375, 0.828125, 0.828125, 0.828125, 0.828125, 0.828125, 0.828125, 0.828125, 0.828125, 0.8125, 0.8125, 0.8125, 0.8125, 0.8125, 0.8125, 0.8125, 0.8125, 0.8125, 0.828125, 0.828125, 0.828125, 0.828125, 0.8125, 0.8125, 0.8125, 0.8125, 0.8125, 0.8125, 0.8125, 0.8125, 0.8125, 0.796875, 0.796875, 0.796875, 0.796875, 0.796875, 0.796875, 0.796875, 0.796875, 0.796875, 0.796875, 0.796875, 0.796875, 0.796875, 0.8125, 0.8125, 0.8125, 0.8125, 0.8125, 0.8125, 0.8125, 0.8125, 0.8125, 0.8125, 0.8125, 0.8125, 0.8125, 0.8125, 0.8125, 0.8125, 0.8125, 0.8125, 0.8125, 0.8125, 0.8125, 0.8125, 0.8125, 0.8125, 0.8125, 0.8125, 0.8125, 0.8125, 0.8125, 0.8125, 0.8125, 0.8125, 0.8125, 0.8125, 0.8125, 0.8125, 0.8125, 0.8125, 0.8125, 0.8125, 0.8125, 0.8125, 0.8125, 0.8125, 0.8125, 0.8125, 0.8125, 0.8125, 0.8125, 0.8125, 0.8125, 0.8125, 0.8125, 0.8125, 0.8125, 0.8125, 0.8125, 0.8125, 0.8125, 0.8125, 0.8125, 0.8125, 0.8125, 0.8125, 0.8125, 0.8125, 0.8125, 0.8125, 0.8125, 0.8125, 0.8125, 0.8125, 0.8125, 0.8125, 0.8125, 0.8125, 0.8125, 0.8125, 0.8125, 0.8125, 0.8125, 0.8125, 0.8125, 0.8125, 0.8125, 0.8125, 0.8125, 0.8125, 0.8125, 0.828125, 0.8125, 0.828125, 0.828125, 0.828125, 0.828125, 0.828125, 0.828125, 0.828125, 0.828125, 0.828125, 0.828125, 0.828125, 0.828125, 0.84375]
initial validation F1: [0.16205533596837945, 0.16432865731462926, 0.16432865731462926, 0.164, 0.16032064128256512, 0.16432865731462926, 0.16432865731462926, 0.1596806387225549, 0.16367265469061876, 0.16367265469061876, 0.16699801192842942, 0.16633663366336635, 0.16862745098039217, 0.16829745596868884, 0.16829745596868884, 0.17153996101364521, 0.17153996101364521, 0.17794970986460348, 0.18497109826589594, 0.18426103646833014, 0.18666666666666668, 0.18666666666666668, 0.18421052631578946, 0.18455743879472694, 0.18317757009345795, 0.18386491557223264, 0.1824953445065177, 0.18081180811808117, 0.18081180811808117, 0.1798165137614679, 0.18315018315018314, 0.18315018315018314, 0.18315018315018314, 0.1785063752276867, 0.1794871794871795, 0.1781818181818182, 0.17753623188405798, 0.17753623188405798, 0.17883211678832117, 0.18705035971223022, 0.19030520646319568, 0.19168173598553345, 0.19636363636363635, 0.19708029197080293, 0.19963031423290203, 0.2074074074074074, 0.2077922077922078, 0.208955223880597, 0.21052631578947367, 0.2159090909090909, 0.21673003802281368, 0.2159090909090909, 0.22011385199240988, 0.22095238095238096, 0.22095238095238096, 0.22053231939163498, 0.22179732313575526, 0.22823984526112184, 0.22868217054263565, 0.229126213592233, 0.23210831721470018, 0.23346303501945526, 0.234375, 0.23715415019762845, 0.236, 0.23742454728370221, 0.23625254582484725, 0.24066390041493776, 0.2384937238493724, 0.24101479915433405, 0.24152542372881355, 0.24152542372881355, 0.2398286937901499, 0.23880597014925373, 0.23829787234042554, 0.2398286937901499, 0.23605150214592274, 0.23326133909287258, 0.2299349240780911, 0.22943722943722944, 0.23043478260869565, 0.2314410480349345, 0.23043478260869565, 0.23348017621145375, 0.2345132743362832, 0.23503325942350334, 0.23318385650224216, 0.23370786516853934, 0.23059866962305986, 0.232662192393736, 0.23008849557522124, 0.22807017543859648, 0.22958057395143489, 0.23008849557522124, 0.2290748898678414, 0.23348017621145375, 0.23296703296703297, 0.23194748358862144, 0.23043478260869565, 0.22807017543859648, 0.22707423580786026, 0.22657952069716775, 0.22657952069716775, 0.22707423580786026, 0.22608695652173913, 0.22510822510822512, 0.22462203023758098, 0.22462203023758098, 0.22270742358078602, 0.2217391304347826, 0.2222222222222222, 0.22077922077922077, 0.22125813449023862, 0.2203023758099352, 0.22125813449023862, 0.22125813449023862, 0.21982758620689655, 0.21888412017167383, 0.21888412017167383, 0.21888412017167383, 0.21841541755888652, 0.2208067940552017, 0.22127659574468084, 0.2208067940552017, 0.21987315010570824, 0.22127659574468084, 0.2180293501048218, 0.2175732217573222, 0.2184873949579832, 0.2184873949579832, 0.2180293501048218, 0.2175732217573222, 0.21711899791231734, 0.2157676348547718, 0.2175732217573222, 0.2175732217573222, 0.21666666666666667, 0.21666666666666667, 0.21621621621621623, 0.21621621621621623, 0.21487603305785125, 0.21487603305785125, 0.21487603305785125, 0.21443298969072164, 0.21311475409836064, 0.21487603305785125, 0.2139917695473251, 0.21267893660531698, 0.21311475409836064, 0.21267893660531698, 0.21267893660531698, 0.2135523613963039, 0.21311475409836064, 0.2135523613963039, 0.21224489795918366, 0.2135523613963039, 0.21224489795918366, 0.21224489795918366, 0.21224489795918366, 0.21311475409836064, 0.21224489795918366, 0.21052631578947367, 0.21095334685598377, 0.21095334685598377, 0.21138211382113822, 0.21138211382113822, 0.21052631578947367, 0.20925553319919518, 0.2101010101010101, 0.2101010101010101, 0.20883534136546184, 0.20967741935483872, 0.21052631578947367, 0.20925553319919518, 0.20925553319919518, 0.20967741935483872, 0.21095334685598377, 0.20925553319919518, 0.20967741935483872, 0.20883534136546184, 0.20883534136546184, 0.20967741935483872, 0.20883534136546184, 0.208, 0.20883534136546184, 0.20883534136546184, 0.20841683366733466, 0.20758483033932135, 0.20758483033932135, 0.20717131474103587, 0.20758483033932135, 0.20758483033932135, 0.20758483033932135, 0.20758483033932135, 0.20758483033932135, 0.20717131474103587, 0.20717131474103587, 0.20717131474103587, 0.20717131474103587, 0.20675944333996024, 0.20675944333996024, 0.20717131474103587, 0.20717131474103587, 0.20634920634920634, 0.20675944333996024, 0.20675944333996024, 0.20634920634920634, 0.20594059405940593, 0.20634920634920634, 0.20634920634920634, 0.20948616600790515, 0.20594059405940593, 0.2099009900990099, 0.2099009900990099, 0.2099009900990099, 0.2099009900990099, 0.20907297830374755, 0.20907297830374755, 0.20743639921722112, 0.20743639921722112, 0.20703125, 0.20743639921722112, 0.20703125, 0.20703125, 0.21011673151750973]
initial validation AUC: [np.float64(0.47100936411149824), np.float64(0.47710692508710795), np.float64(0.47710692508710795), np.float64(0.4762358449477352), np.float64(0.4684233449477352), np.float64(0.47710692508710795), np.float64(0.47710692508710795), np.float64(0.46668118466898956), np.float64(0.47536476480836237), np.float64(0.47536476480836237), np.float64(0.48230618466898956), np.float64(0.4805640243902439), np.float64(0.4848922038327526), np.float64(0.4840211236933798), np.float64(0.4840211236933798), np.float64(0.490962543554007), np.float64(0.490962543554007), np.float64(0.5048453832752613), np.float64(0.5204703832752613), np.float64(0.5187282229965157), np.float64(0.5239274825783973), np.float64(0.5239274825783973), np.float64(0.5178299216027874), np.float64(0.5187010017421603), np.float64(0.515216681184669), np.float64(0.5169588414634146), np.float64(0.5134745209059233), np.float64(0.5091191202090593), np.float64(0.5091191202090593), np.float64(0.5065058797909407), np.float64(0.5143183797909407), np.float64(0.5143183797909407), np.float64(0.5143183797909407), np.float64(0.5030215592334495), np.float64(0.5056347996515679), np.float64(0.5021504790940767), np.float64(0.500408318815331), np.float64(0.500408318815331), np.float64(0.5038926393728222), np.float64(0.5229747386759582), np.float64(0.5307872386759582), np.float64(0.5342715592334495), np.float64(0.5455683797909407), np.float64(0.5473105400696864), np.float64(0.5534081010452961), np.float64(0.5716463414634146), np.float64(0.5725174216027875), np.float64(0.5751306620209059), np.float64(0.5786149825783973), np.float64(0.5907828832752613), np.float64(0.592525043554007), np.float64(0.5907828832752613), np.float64(0.600337543554007), np.float64(0.6020797038327526), np.float64(0.6020797038327526), np.float64(0.6012086236933798), np.float64(0.6038218641114983), np.float64(0.6177319250871081), np.float64(0.6186030052264808), np.float64(0.6194740853658536), np.float64(0.6264155052264808), np.float64(0.6290287456445993), np.float64(0.630770905923345), np.float64(0.6359973867595818), np.float64(0.632540287456446), np.float64(0.6351535278745645), np.float64(0.6316964285714286), np.float64(0.639536149825784), np.float64(0.6343368902439024), np.float64(0.6386922909407666), np.float64(0.6395633710801394), np.float64(0.6395633710801394), np.float64(0.6352351916376306), np.float64(0.633493031358885), np.float64(0.6326219512195121), np.float64(0.6352351916376306), np.float64(0.6274226916376306), np.float64(0.6213523519163764), np.float64(0.6144109320557491), np.float64(0.6135398519163764), np.float64(0.6152820121951219), np.float64(0.6170241724738676), np.float64(0.6152820121951219), np.float64(0.6205084930313589), np.float64(0.6222506533101045), np.float64(0.6231217334494773), np.float64(0.6187935540069686), np.float64(0.6196646341463414), np.float64(0.6144381533101045), np.float64(0.6179224738675958), np.float64(0.6135670731707317), np.float64(0.6100827526132404), np.float64(0.6126959930313589), np.float64(0.6135670731707317), np.float64(0.611824912891986), np.float64(0.6205084930313589), np.float64(0.619637412891986), np.float64(0.6178952526132404), np.float64(0.6152820121951219), np.float64(0.6100827526132404), np.float64(0.6083405923344948), np.float64(0.6074695121951219), np.float64(0.6074695121951219), np.float64(0.6083405923344948), np.float64(0.6065984320557491), np.float64(0.6048562717770034), np.float64(0.6039851916376306), np.float64(0.6039851916376306), np.float64(0.5996570121951219), np.float64(0.5979148519163763), np.float64(0.5987859320557491), np.float64(0.5961726916376306), np.float64(0.5970437717770035), np.float64(0.5953016114982579), np.float64(0.5970437717770035), np.float64(0.5970437717770035), np.float64(0.594430531358885), np.float64(0.5926883710801394), np.float64(0.5926883710801394), np.float64(0.5926883710801394), np.float64(0.5918172909407666), np.float64(0.5970165505226481), np.float64(0.5978876306620209), np.float64(0.5970165505226481), np.float64(0.5952743902439024), np.float64(0.5978876306620209), np.float64(0.5917900696864111), np.float64(0.5909189895470384), np.float64(0.592661149825784), np.float64(0.592661149825784), np.float64(0.5917900696864111), np.float64(0.5909189895470384), np.float64(0.5900479094076655), np.float64(0.5874346689895471), np.float64(0.5909189895470384), np.float64(0.5909189895470384), np.float64(0.5891768292682926), np.float64(0.5891768292682926), np.float64(0.5883057491289199), np.float64(0.5883057491289199), np.float64(0.5856925087108014), np.float64(0.5856925087108014), np.float64(0.5856925087108014), np.float64(0.5848214285714286), np.float64(0.5822081881533101), np.float64(0.5856925087108014), np.float64(0.5839503484320557), np.float64(0.5813371080139373), np.float64(0.5822081881533101), np.float64(0.5813371080139373), np.float64(0.5813371080139373), np.float64(0.5830792682926829), np.float64(0.5822081881533101), np.float64(0.5830792682926829), np.float64(0.5804660278745645), np.float64(0.5830792682926829), np.float64(0.5804660278745645), np.float64(0.5804660278745645), np.float64(0.5804660278745645), np.float64(0.5822081881533101), np.float64(0.5804660278745645), np.float64(0.5769817073170731), np.float64(0.577852787456446), np.float64(0.577852787456446), np.float64(0.5787238675958188), np.float64(0.5787238675958188), np.float64(0.5769817073170731), np.float64(0.5743684668989547), np.float64(0.5761106271777003), np.float64(0.5761106271777003), np.float64(0.5734973867595818), np.float64(0.5752395470383276), np.float64(0.5769817073170731), np.float64(0.5743684668989547), np.float64(0.5743684668989547), np.float64(0.5752395470383276), np.float64(0.577852787456446), np.float64(0.5743684668989547), np.float64(0.5752395470383276), np.float64(0.5734973867595818), np.float64(0.5734973867595818), np.float64(0.5752395470383276), np.float64(0.5734973867595818), np.float64(0.5717552264808362), np.float64(0.5734973867595818), np.float64(0.5734973867595818), np.float64(0.5726263066202091), np.float64(0.5708841463414633), np.float64(0.5708841463414633), np.float64(0.5700130662020906), np.float64(0.5708841463414633), np.float64(0.5708841463414633), np.float64(0.5708841463414633), np.float64(0.5708841463414633), np.float64(0.5708841463414633), np.float64(0.5700130662020906), np.float64(0.5700130662020906), np.float64(0.5700130662020906), np.float64(0.5700130662020906), np.float64(0.5691419860627178), np.float64(0.5691419860627178), np.float64(0.5700130662020906), np.float64(0.5700130662020906), np.float64(0.568270905923345), np.float64(0.5691419860627178), np.float64(0.5691419860627178), np.float64(0.568270905923345), np.float64(0.5673998257839721), np.float64(0.568270905923345), np.float64(0.568270905923345), np.float64(0.5752123257839721), np.float64(0.5673998257839721), np.float64(0.576083405923345), np.float64(0.576083405923345), np.float64(0.576083405923345), np.float64(0.576083405923345), np.float64(0.5743412456445993), np.float64(0.5743412456445993), np.float64(0.5708569250871081), np.float64(0.5708569250871081), np.float64(0.5699858449477352), np.float64(0.5708569250871081), np.float64(0.5699858449477352), np.float64(0.5699858449477352), np.float64(0.5769272648083623)]
