learningRate: 0.0001
epochs: (218, 1000)
treshold: 0.5
model: Ivan_NN4(
  (net): Sequential(
    (0): Linear(in_features=28, out_features=16, bias=True)
    (1): BatchNorm1d(16, eps=1e-05, momentum=0.1, affine=True, track_running_stats=True)
    (2): Tanh()
    (3): Dropout(p=0.2, inplace=False)
    (4): Linear(in_features=16, out_features=1, bias=True)
  )
)
initial training loss: [0.006129437886275254, 0.006122412650616138, 0.006105509454553778, 0.006094866201475069, 0.006083430144693944, 0.006077769545765666, 0.006043019248293592, 0.006035111213659311, 0.006013268216863855, 0.00599706962511137, 0.005986461453623586, 0.0059837369794969435, 0.005977520122156515, 0.005925286001973338, 0.005917405958299513, 0.005893654204034186, 0.005859845226461237, 0.005849549151086188, 0.005826659419319847, 0.005808831979702046, 0.005773229444181765, 0.005760819679730899, 0.005717957221068345, 0.005692027466637747, 0.005671172993523734, 0.005649082459412612, 0.0056024623071992555, 0.005600296181517762, 0.0055657607704013975, 0.005548735036478414, 0.005508379084723337, 0.005481430926880279, 0.005433393113024823, 0.005408661644180099, 0.005383242926040253, 0.005346827429610413, 0.005314677380896234, 0.005281743043428892, 0.00523931141023512, 0.005211682304159387, 0.005174406503702139, 0.005158093471031684, 0.005103533035748965, 0.00506846479007176, 0.005040519996122881, 0.00499849625996181, 0.004948241726144568, 0.004917743654994222, 0.004879239720183533, 0.004827471228388997, 0.00478950073192646, 0.004766737764531916, 0.004732836144311087, 0.004678529640296837, 0.004631710702722723, 0.004598368096661258, 0.004541382015525521, 0.004523419822965349, 0.004489468800557124, 0.004440128013685152, 0.00439029794234734, 0.004358366046633039, 0.004328620991149506, 0.00427231139950938, 0.00421057382187286, 0.00420481065651039, 0.004154819931302752, 0.004107031233899005, 0.004065032887768436, 0.00403921771359134, 0.00398570407520641, 0.003964105333600725, 0.003909474797063059, 0.0038856826509748184, 0.0038411835261753626, 0.003808397596532648, 0.003778540314017952, 0.003729621497067538, 0.0036917756594620744, 0.0036572608080777257, 0.0036253356314324713, 0.0035893561004044176, 0.0035544848287260376, 0.0035133320015746277, 0.003479280409874854, 0.0034654958681626753, 0.0034193227353034083, 0.003384539539163763, 0.0033617679639296096, 0.0033251238024079957, 0.0032913778044960716, 0.003269020419616204, 0.0032330527088858863, 0.003197592403981593, 0.003168438340162302, 0.003139645364377406, 0.003113200486480416, 0.003098214106126265, 0.003069403488914688, 0.0030262598898503686, 0.0030215796325113865, 0.002974599181831657, 0.002952462953406495, 0.0029415279936480833, 0.002914934723408191, 0.0029056032756706335, 0.0028862766244194724, 0.002866530201651833, 0.0028442800741691095, 0.00282315359487162, 0.0028041346816273477, 0.0027853425679268775, 0.002768486343420945, 0.002734947924490099, 0.0027290042112400005, 0.0027182861504616677, 0.002694280735858075, 0.0026765158578946993, 0.002641681455946588, 0.0026518600405036627, 0.002614075874353384, 0.002618117177641237, 0.002609033329146249, 0.00258920127695257, 0.0025769847941088985, 0.0025553845352940746, 0.002535452881416717, 0.00253799146646029, 0.002515090185326415, 0.0025035699466606238, 0.0024783724314206604, 0.002466728323465818, 0.0024641277805551305, 0.0024509352677828306, 0.002437163157896562, 0.00241943228554416, 0.002413484856679842, 0.00240480384269318, 0.002399990697959801, 0.002390266695579925, 0.002389605834886625, 0.0023612550404164697, 0.0023612191228123453, 0.0023424629576794514, 0.002344066562590661, 0.002337451352701559, 0.0023282421177083794, 0.0023213742150888813, 0.002310357124774487, 0.0023025383345492475, 0.002289516275579279, 0.002278457291714557, 0.0022829176156551807, 0.0022693904111911723, 0.0022714733845227725, 0.0022643999697326066, 0.002260634945584582, 0.002242317625454494, 0.002241949067487345, 0.002246891778784913, 0.0022421640157699583, 0.002232790140362529, 0.002217736089384401, 0.0022188543731516057, 0.00221903323353111, 0.0022166144073783576, 0.002206715593090305, 0.002209407633001154, 0.002211234476659205, 0.00219825749273424, 0.0021966078374292945, 0.0021928714467333507, 0.0021935533238695813, 0.0021918599404297866, 0.0021771084255986397, 0.0021728190973207546, 0.0021966568448326803, 0.0021828399772767897, 0.0021745675647413575, 0.0021646690678286864, 0.0021775058956889364, 0.002187404833830796, 0.0021722949557490163, 0.0021665837857630346, 0.002161886506266408, 0.0021556039057768783, 0.0021537086328902804, 0.00214827299118042, 0.002144682864090065, 0.0021473973525034918, 0.00215582376950747, 0.002147721385026907, 0.0021457934921438044, 0.002139716458010983, 0.0021447356103302595, 0.0021210356579198465, 0.002133311141620983, 0.002130064174726412, 0.002128968447833866, 0.0021150728169973794, 0.0021229994374436217, 0.0021180309026272268, 0.0021033263283890564, 0.0021077210330343868, 0.00210491685898273, 0.0020905856497876055, 0.0020868700897538816, 0.002092186019018099, 0.0020786195451563054, 0.0020822805243653135, 0.0020792331711038366, 0.002065759107664034, 0.002056904171968435, 0.002057264470434808, 0.0020431027629158713, 0.002034856305493937, 0.0020401038519747847, 0.0020259648948520808, 0.0020233308185230604]
initial training acc: [0.49746753246753245, 0.5016883116883117, 0.497012987012987, 0.5053896103896104, 0.49844155844155846, 0.5049350649350649, 0.5126623376623377, 0.5114285714285715, 0.5146103896103896, 0.5203896103896104, 0.5194805194805194, 0.5225324675324675, 0.527987012987013, 0.5341558441558442, 0.5354545454545454, 0.5386363636363637, 0.5485064935064935, 0.5449350649350649, 0.5547402597402598, 0.5562987012987013, 0.5602597402597402, 0.5665584415584416, 0.5709090909090909, 0.5766883116883117, 0.5805844155844155, 0.5808441558441558, 0.5935714285714285, 0.5946103896103896, 0.6012337662337662, 0.6075324675324675, 0.6150649350649351, 0.6137662337662337, 0.6251948051948052, 0.629025974025974, 0.6333766233766234, 0.6401948051948052, 0.6495454545454545, 0.650974025974026, 0.662012987012987, 0.6624675324675324, 0.6702597402597402, 0.6708441558441558, 0.683051948051948, 0.6827272727272727, 0.6871428571428572, 0.6921428571428572, 0.6946753246753247, 0.7064285714285714, 0.707012987012987, 0.7114285714285714, 0.7174025974025974, 0.7177922077922078, 0.7214285714285714, 0.7227272727272728, 0.7281168831168832, 0.7318831168831169, 0.7378571428571429, 0.7364935064935065, 0.7390909090909091, 0.7377922077922078, 0.7433766233766234, 0.7469480519480519, 0.745, 0.7490909090909091, 0.7522727272727273, 0.7513636363636363, 0.7524025974025974, 0.7555194805194805, 0.7592207792207792, 0.757987012987013, 0.7598701298701299, 0.7574675324675325, 0.7611688311688312, 0.7625974025974026, 0.76, 0.7596103896103896, 0.7603896103896104, 0.76, 0.7642207792207792, 0.7646753246753247, 0.7672077922077922, 0.7660389610389611, 0.7629220779220779, 0.765, 0.7661688311688312, 0.7624025974025974, 0.7646103896103896, 0.7674675324675325, 0.7664285714285715, 0.7665584415584416, 0.7662337662337663, 0.7655844155844156, 0.765974025974026, 0.764090909090909, 0.7650649350649351, 0.7664285714285715, 0.7624025974025974, 0.7631818181818182, 0.7622727272727273, 0.7642207792207792, 0.760974025974026, 0.7608441558441559, 0.7638961038961039, 0.7613636363636364, 0.7615584415584415, 0.7603896103896104, 0.7582467532467533, 0.7561038961038961, 0.758961038961039, 0.7587662337662338, 0.7578571428571429, 0.7581168831168831, 0.7571428571428571, 0.7579220779220779, 0.7574675324675325, 0.7546103896103896, 0.7537662337662338, 0.7543506493506493, 0.7559090909090909, 0.7528571428571429, 0.7530519480519481, 0.7525974025974026, 0.7507792207792208, 0.7527922077922078, 0.7538961038961038, 0.7509090909090909, 0.7509090909090909, 0.7468181818181818, 0.7491558441558441, 0.7507142857142857, 0.7463636363636363, 0.7483766233766234, 0.7462987012987014, 0.7450649350649351, 0.7454545454545455, 0.7460389610389611, 0.7443506493506493, 0.7444155844155844, 0.7425974025974026, 0.7412987012987013, 0.7404545454545455, 0.7428571428571429, 0.740974025974026, 0.7393506493506493, 0.737987012987013, 0.7373376623376623, 0.7377272727272727, 0.7371428571428571, 0.7369480519480519, 0.7348051948051948, 0.7345454545454545, 0.7370779220779221, 0.7351948051948052, 0.7343506493506493, 0.7353896103896104, 0.7311688311688311, 0.7331168831168832, 0.7342857142857143, 0.7322077922077922, 0.7298701298701299, 0.732012987012987, 0.7314935064935065, 0.734025974025974, 0.7303246753246754, 0.7294155844155844, 0.7293506493506493, 0.7307792207792208, 0.7301298701298702, 0.7286363636363636, 0.7284415584415584, 0.7276623376623377, 0.7301298701298702, 0.7292207792207792, 0.7282467532467533, 0.7285064935064935, 0.7281818181818182, 0.7261688311688311, 0.7289610389610389, 0.7264935064935065, 0.7272077922077922, 0.7259740259740259, 0.7243506493506493, 0.727012987012987, 0.7268831168831169, 0.7257142857142858, 0.7253896103896104, 0.7254545454545455, 0.7261688311688311, 0.7266883116883117, 0.7257142857142858, 0.7247402597402598, 0.7230519480519481, 0.7214935064935065, 0.7230519480519481, 0.7236363636363636, 0.7248051948051948, 0.7244805194805195, 0.7211688311688311, 0.7230519480519481, 0.7219480519480519, 0.7211688311688311, 0.7248701298701299, 0.7242207792207792, 0.7222077922077922, 0.7212337662337662, 0.7193506493506493, 0.719025974025974, 0.7218181818181818, 0.72, 0.7177272727272728, 0.718051948051948, 0.7207142857142858, 0.7176623376623377, 0.7151298701298702, 0.7150649350649351, 0.7167532467532467, 0.7161038961038961, 0.714025974025974, 0.7131168831168831]
initial validation loss: [0.002125236494787808, 0.0021241275494375197, 0.0021215081214904785, 0.002118913357534379, 0.0021158157844902207, 0.0021126582331044545, 0.00210907410678445, 0.0021060514599551975, 0.002102570287112532, 0.0020984129098515526, 0.0020946699623777573, 0.0020906424447660536, 0.002086400051475692, 0.0020816720391515654, 0.0020773851759381427, 0.0020728623231750297, 0.002067805644486765, 0.002063004013886646, 0.002058160902938125, 0.002052970067087012, 0.002047484571283514, 0.0020421795710500877, 0.0020362398467467496, 0.002030343284427559, 0.0020243222810631635, 0.0020185096136828575, 0.0020123458581284667, 0.0020064735861033854, 0.0020001906212594443, 0.0019941202899131654, 0.001987934673094077, 0.001981660676974114, 0.0019759021956345132, 0.001970016844220296, 0.001963920354095746, 0.0019582207300072553, 0.0019522094427605035, 0.001946545880416344, 0.001940525250748781, 0.001934822076540382, 0.0019290819063455707, 0.0019231188259902045, 0.001917289902797687, 0.0019114860172929436, 0.0019057477155822945, 0.0019003646127108869, 0.001894784011063531, 0.0018892710485428478, 0.0018841568205423863, 0.0018790726751369369, 0.0018740537398287496, 0.001869576478079195, 0.0018648566870853819, 0.0018608771895166475, 0.001856740552429869, 0.0018524211775920235, 0.0018487073784711594, 0.0018449190268322218, 0.0018410307112906046, 0.0018373385865860224, 0.0018342955732794017, 0.001830883534350739, 0.0018284311488878018, 0.0018269292613181949, 0.0018249892142125433, 0.0018242730242331573, 0.0018231338094394408, 0.0018236676353645923, 0.0018245579680678987, 0.0018257728564701858, 0.0018276088290080008, 0.001829211988419201, 0.0018310924308800772, 0.0018351952484035193, 0.0018383371045223224, 0.0018404785742206634, 0.0018431671360817075, 0.0018472204387748503, 0.0018498656518033305, 0.0018533948446889657, 0.001858882208976626, 0.0018618790707244394, 0.0018669338809285418, 0.0018708887145063345, 0.0018777899607595606, 0.0018830071422373613, 0.0018878758514189048, 0.0018948548266132796, 0.0019023958418436559, 0.0019096250070673546, 0.0019150180129048218, 0.001923658631064675, 0.0019326953678669228, 0.0019408399034817018, 0.0019500345271956585, 0.001959223358608712, 0.0019645427461701874, 0.0019744982166350076, 0.001983346983930534, 0.0019933033886374353, 0.0020015803997793166, 0.0020107724076154463, 0.0020220707576476668, 0.002033764105231784, 0.002042149488455076, 0.0020499466728640947, 0.002058305897309115, 0.0020668622468332514, 0.0020758018224590626, 0.002086982644837478, 0.002095348595825482, 0.0021057624054552993, 0.002110474535664047, 0.0021184755716951663, 0.002126188113771636, 0.00213605184166409, 0.0021394018469185665, 0.0021484598844402638, 0.0021575879901180447, 0.0021632820087540486, 0.0021735323260196697, 0.0021804969138859956, 0.002190297487013766, 0.002198899427551461, 0.0021993140441870615, 0.0022052436786759236, 0.002215428225299034, 0.002222651037676581, 0.0022279012913240534, 0.002233564853668213, 0.0022402454319418786, 0.0022473329660660795, 0.002248361192900559, 0.0022579106417569246, 0.002264755459788451, 0.0022665867611158606, 0.0022757935299768718, 0.0022805555487127515, 0.002281530336900191, 0.002292373337342074, 0.0022952016618184535, 0.0022987188964054502, 0.0023025917035285207, 0.0023152174247095952, 0.002313268408879965, 0.0023191829086471128, 0.0023253193843327346, 0.002336575319774472, 0.0023338359351442154, 0.002338559649954769, 0.002343856428857881, 0.002353273402187144, 0.002356091450000631, 0.0023635007370975698, 0.002359840937168994, 0.002367755462383402, 0.0023656158611692233, 0.0023733751153497485, 0.0023764080388418932, 0.0023801177272976004, 0.002377475690692196, 0.002390285457563251, 0.0023901649403347863, 0.0023944163023491265, 0.002397879164047002, 0.0024004500114058252, 0.0024064428006593712, 0.0023988371358769816, 0.0024074400106567574, 0.002404814043015148, 0.002408999447538561, 0.0024096158604636833, 0.0024147089745931117, 0.002416554476400154, 0.0024142442825819633, 0.0024221873956040527, 0.002423311101979223, 0.002428252121497845, 0.0024242208669178165, 0.002426605052708832, 0.00242546116670471, 0.002428823317106241, 0.002430609401116924, 0.002429769517485998, 0.0024353093861786174, 0.002434956429520371, 0.002432011511632268, 0.0024345974937128047, 0.0024381188389649587, 0.0024428285401442954, 0.0024460400907223502, 0.0024448291261368036, 0.002445808772383065, 0.002450318732605459, 0.002449736699788922, 0.0024545364619048787, 0.002454536835601711, 0.002457642816824599, 0.002464477171344817, 0.0024644867006140443, 0.002470825159437604, 0.002475215162976782, 0.0024703186133812212, 0.0024742880211354795, 0.0024828283016958205, 0.0024901979769285194, 0.0024926232693711046, 0.002495440569790927, 0.002499504896540627, 0.0024982939319550803, 0.0025100887382292075, 0.0025106257405774347, 0.0025127120899929895, 0.0025208713866326504, 0.0025202704821260745, 0.0025287491027090616, 0.002529165027283576, 0.002542169863901168, 0.0025396556316124607]
initial validation acc: [0.6943573667711599, 0.6943573667711599, 0.6974921630094044, 0.6990595611285266, 0.6990595611285266, 0.6974921630094044, 0.700626959247649, 0.700626959247649, 0.6990595611285266, 0.6990595611285266, 0.6990595611285266, 0.700626959247649, 0.7021943573667712, 0.7068965517241379, 0.7084639498432602, 0.7068965517241379, 0.7053291536050157, 0.7037617554858934, 0.713166144200627, 0.7115987460815048, 0.7163009404388715, 0.7147335423197492, 0.7147335423197492, 0.7100313479623824, 0.7115987460815048, 0.713166144200627, 0.7100313479623824, 0.7068965517241379, 0.7100313479623824, 0.7115987460815048, 0.7053291536050157, 0.7021943573667712, 0.700626959247649, 0.6943573667711599, 0.6959247648902821, 0.6912225705329154, 0.6943573667711599, 0.6927899686520376, 0.6833855799373041, 0.6818181818181818, 0.6818181818181818, 0.6833855799373041, 0.6818181818181818, 0.6802507836990596, 0.6802507836990596, 0.6739811912225705, 0.6724137931034483, 0.6739811912225705, 0.6692789968652038, 0.670846394984326, 0.6661442006269592, 0.664576802507837, 0.6614420062695925, 0.6567398119122257, 0.6536050156739812, 0.6489028213166145, 0.6473354231974922, 0.6426332288401254, 0.6363636363636364, 0.6316614420062696, 0.6300940438871473, 0.6269592476489029, 0.622257053291536, 0.6175548589341693, 0.6159874608150471, 0.6128526645768025, 0.6081504702194357, 0.6003134796238244, 0.6065830721003135, 0.603448275862069, 0.6065830721003135, 0.603448275862069, 0.6081504702194357, 0.6003134796238244, 0.5956112852664577, 0.5956112852664577, 0.5940438871473355, 0.5893416927899686, 0.5924764890282131, 0.5909090909090909, 0.5877742946708464, 0.5909090909090909, 0.5799373040752351, 0.5815047021943573, 0.5752351097178683, 0.5721003134796239, 0.5752351097178683, 0.5642633228840125, 0.5595611285266457, 0.5579937304075235, 0.5595611285266457, 0.5564263322884012, 0.554858934169279, 0.54858934169279, 0.5470219435736677, 0.54858934169279, 0.5470219435736677, 0.5454545454545454, 0.5438871473354232, 0.5438871473354232, 0.542319749216301, 0.5407523510971787, 0.5376175548589341, 0.5376175548589341, 0.5376175548589341, 0.5376175548589341, 0.5376175548589341, 0.5360501567398119, 0.5344827586206896, 0.5297805642633229, 0.5266457680250783, 0.5235109717868338, 0.5235109717868338, 0.5219435736677116, 0.5203761755485894, 0.5188087774294671, 0.5203761755485894, 0.5172413793103449, 0.5109717868338558, 0.5094043887147336, 0.5047021943573667, 0.5031347962382445, 0.49686520376175547, 0.4952978056426332, 0.49686520376175547, 0.49843260188087773, 0.4952978056426332, 0.4952978056426332, 0.49216300940438873, 0.49216300940438873, 0.49059561128526646, 0.48746081504702193, 0.49059561128526646, 0.4827586206896552, 0.4843260188087774, 0.4827586206896552, 0.4827586206896552, 0.4827586206896552, 0.48119122257053293, 0.47648902821316613, 0.4780564263322884, 0.48119122257053293, 0.47648902821316613, 0.4717868338557994, 0.47648902821316613, 0.47648902821316613, 0.4780564263322884, 0.4717868338557994, 0.47648902821316613, 0.47492163009404387, 0.47335423197492166, 0.4702194357366771, 0.46551724137931033, 0.4608150470219436, 0.4702194357366771, 0.46865203761755486, 0.46865203761755486, 0.46394984326018807, 0.46238244514106586, 0.45768025078369906, 0.46238244514106586, 0.45454545454545453, 0.45454545454545453, 0.45454545454545453, 0.45454545454545453, 0.45297805642633227, 0.4482758620689655, 0.45768025078369906, 0.45454545454545453, 0.4561128526645768, 0.45454545454545453, 0.45297805642633227, 0.4498432601880878, 0.45454545454545453, 0.4561128526645768, 0.4482758620689655, 0.44670846394984326, 0.445141065830721, 0.4498432601880878, 0.4482758620689655, 0.4482758620689655, 0.44670846394984326, 0.44357366771159873, 0.44670846394984326, 0.44357366771159873, 0.44357366771159873, 0.4482758620689655, 0.445141065830721, 0.44357366771159873, 0.44200626959247646, 0.44200626959247646, 0.44200626959247646, 0.44200626959247646, 0.44200626959247646, 0.44200626959247646, 0.44200626959247646, 0.44200626959247646, 0.44200626959247646, 0.4373040752351097, 0.438871473354232, 0.43103448275862066, 0.43103448275862066, 0.4341692789968652, 0.4373040752351097, 0.43260188087774293, 0.4278996865203762, 0.4278996865203762, 0.42946708463949845, 0.4278996865203762, 0.43103448275862066, 0.42476489028213166, 0.42476489028213166, 0.42476489028213166, 0.4216300940438871, 0.4216300940438871, 0.4200626959247649, 0.4231974921630094, 0.41849529780564265, 0.41849529780564265]
initial validation precision: [0.0880503144654088, 0.0880503144654088, 0.09937888198757763, 0.1, 0.1, 0.09937888198757763, 0.10559006211180125, 0.10559006211180125, 0.10493827160493827, 0.10493827160493827, 0.1, 0.10062893081761007, 0.10625, 0.11801242236024845, 0.12345679012345678, 0.12727272727272726, 0.12650602409638553, 0.12574850299401197, 0.1393939393939394, 0.13855421686746988, 0.14545454545454545, 0.14457831325301204, 0.14457831325301204, 0.14201183431952663, 0.14705882352941177, 0.15204678362573099, 0.15028901734104047, 0.14857142857142858, 0.16201117318435754, 0.16292134831460675, 0.16304347826086957, 0.16489361702127658, 0.16042780748663102, 0.16062176165803108, 0.1683673469387755, 0.1658291457286432, 0.1708542713567839, 0.17326732673267325, 0.16826923076923078, 0.1674641148325359, 0.17370892018779344, 0.17452830188679244, 0.17370892018779344, 0.17289719626168223, 0.17592592592592593, 0.17567567567567569, 0.17777777777777778, 0.17857142857142858, 0.17903930131004367, 0.17982456140350878, 0.1774891774891775, 0.1794871794871795, 0.18067226890756302, 0.18106995884773663, 0.17959183673469387, 0.1774193548387097, 0.17928286852589642, 0.1796875, 0.17692307692307693, 0.17490494296577946, 0.17424242424242425, 0.17293233082706766, 0.17100371747211895, 0.16911764705882354, 0.1684981684981685, 0.16967509025270758, 0.16785714285714284, 0.1649122807017544, 0.1696113074204947, 0.16842105263157894, 0.1696113074204947, 0.16842105263157894, 0.1702127659574468, 0.1672473867595819, 0.1678082191780822, 0.1678082191780822, 0.1694915254237288, 0.16778523489932887, 0.16891891891891891, 0.16835016835016836, 0.16943521594684385, 0.1705685618729097, 0.16666666666666666, 0.16721311475409836, 0.1650485436893204, 0.1639871382636656, 0.1650485436893204, 0.16139240506329114, 0.15987460815047022, 0.159375, 0.15987460815047022, 0.1588785046728972, 0.15838509316770186, 0.15644171779141106, 0.1559633027522936, 0.15644171779141106, 0.15384615384615385, 0.15123456790123457, 0.15076923076923077, 0.15076923076923077, 0.15030674846625766, 0.14984709480122324, 0.14893617021276595, 0.14893617021276595, 0.1510574018126888, 0.1510574018126888, 0.1510574018126888, 0.15060240963855423, 0.15015015015015015, 0.1488095238095238, 0.14792899408284024, 0.14705882352941177, 0.14705882352941177, 0.1466275659824047, 0.14619883040935672, 0.1457725947521866, 0.14619883040935672, 0.14534883720930233, 0.14367816091954022, 0.14326647564469913, 0.14204545454545456, 0.141643059490085, 0.1400560224089636, 0.13966480446927373, 0.1400560224089636, 0.1404494382022472, 0.13966480446927373, 0.13966480446927373, 0.1388888888888889, 0.1388888888888889, 0.14049586776859505, 0.13972602739726028, 0.14049586776859505, 0.13858695652173914, 0.14092140921409213, 0.1366120218579235, 0.13858695652173914, 0.14054054054054055, 0.13821138211382114, 0.13709677419354838, 0.13746630727762804, 0.13821138211382114, 0.13709677419354838, 0.136, 0.13709677419354838, 0.13709677419354838, 0.13746630727762804, 0.136, 0.13709677419354838, 0.13672922252010725, 0.13636363636363635, 0.1356382978723404, 0.1345646437994723, 0.13350785340314136, 0.1356382978723404, 0.13527851458885942, 0.13527851458885942, 0.13421052631578947, 0.13385826771653545, 0.1328125, 0.13385826771653545, 0.13212435233160622, 0.13212435233160622, 0.13212435233160622, 0.13212435233160622, 0.13178294573643412, 0.13076923076923078, 0.1328125, 0.13212435233160622, 0.13246753246753246, 0.13212435233160622, 0.13178294573643412, 0.13110539845758354, 0.13212435233160622, 0.13246753246753246, 0.13076923076923078, 0.13043478260869565, 0.13010204081632654, 0.13110539845758354, 0.13076923076923078, 0.13076923076923078, 0.13043478260869565, 0.1297709923664122, 0.13043478260869565, 0.1297709923664122, 0.1297709923664122, 0.13076923076923078, 0.13010204081632654, 0.1297709923664122, 0.12944162436548223, 0.12944162436548223, 0.12944162436548223, 0.12944162436548223, 0.12944162436548223, 0.12944162436548223, 0.12944162436548223, 0.12944162436548223, 0.12944162436548223, 0.12846347607052896, 0.12878787878787878, 0.12718204488778054, 0.12718204488778054, 0.12781954887218044, 0.12846347607052896, 0.1275, 0.12655086848635236, 0.12655086848635236, 0.12686567164179105, 0.12655086848635236, 0.12718204488778054, 0.1259259259259259, 0.1259259259259259, 0.1259259259259259, 0.12530712530712532, 0.12530712530712532, 0.125, 0.12561576354679804, 0.12469437652811736, 0.12469437652811736]
initial validation recall: [0.21875, 0.21875, 0.25, 0.25, 0.25, 0.25, 0.265625, 0.265625, 0.265625, 0.265625, 0.25, 0.25, 0.265625, 0.296875, 0.3125, 0.328125, 0.328125, 0.328125, 0.359375, 0.359375, 0.375, 0.375, 0.375, 0.375, 0.390625, 0.40625, 0.40625, 0.40625, 0.453125, 0.453125, 0.46875, 0.484375, 0.46875, 0.484375, 0.515625, 0.515625, 0.53125, 0.546875, 0.546875, 0.546875, 0.578125, 0.578125, 0.578125, 0.578125, 0.59375, 0.609375, 0.625, 0.625, 0.640625, 0.640625, 0.640625, 0.65625, 0.671875, 0.6875, 0.6875, 0.6875, 0.703125, 0.71875, 0.71875, 0.71875, 0.71875, 0.71875, 0.71875, 0.71875, 0.71875, 0.734375, 0.734375, 0.734375, 0.75, 0.75, 0.75, 0.75, 0.75, 0.75, 0.765625, 0.765625, 0.78125, 0.78125, 0.78125, 0.78125, 0.796875, 0.796875, 0.796875, 0.796875, 0.796875, 0.796875, 0.796875, 0.796875, 0.796875, 0.796875, 0.796875, 0.796875, 0.796875, 0.796875, 0.796875, 0.796875, 0.78125, 0.765625, 0.765625, 0.765625, 0.765625, 0.765625, 0.765625, 0.765625, 0.78125, 0.78125, 0.78125, 0.78125, 0.78125, 0.78125, 0.78125, 0.78125, 0.78125, 0.78125, 0.78125, 0.78125, 0.78125, 0.78125, 0.78125, 0.78125, 0.78125, 0.78125, 0.78125, 0.78125, 0.78125, 0.78125, 0.78125, 0.78125, 0.78125, 0.78125, 0.796875, 0.796875, 0.796875, 0.796875, 0.8125, 0.78125, 0.796875, 0.8125, 0.796875, 0.796875, 0.796875, 0.796875, 0.796875, 0.796875, 0.796875, 0.796875, 0.796875, 0.796875, 0.796875, 0.796875, 0.796875, 0.796875, 0.796875, 0.796875, 0.796875, 0.796875, 0.796875, 0.796875, 0.796875, 0.796875, 0.796875, 0.796875, 0.796875, 0.796875, 0.796875, 0.796875, 0.796875, 0.796875, 0.796875, 0.796875, 0.796875, 0.796875, 0.796875, 0.796875, 0.796875, 0.796875, 0.796875, 0.796875, 0.796875, 0.796875, 0.796875, 0.796875, 0.796875, 0.796875, 0.796875, 0.796875, 0.796875, 0.796875, 0.796875, 0.796875, 0.796875, 0.796875, 0.796875, 0.796875, 0.796875, 0.796875, 0.796875, 0.796875, 0.796875, 0.796875, 0.796875, 0.796875, 0.796875, 0.796875, 0.796875, 0.796875, 0.796875, 0.796875, 0.796875, 0.796875, 0.796875, 0.796875, 0.796875, 0.796875, 0.796875, 0.796875, 0.796875, 0.796875, 0.796875]
initial validation F1: [0.12556053811659193, 0.12556053811659193, 0.14222222222222222, 0.14285714285714285, 0.14285714285714285, 0.14222222222222222, 0.1511111111111111, 0.1511111111111111, 0.1504424778761062, 0.1504424778761062, 0.14285714285714285, 0.14349775784753363, 0.15178571428571427, 0.1688888888888889, 0.17699115044247787, 0.18340611353711792, 0.1826086956521739, 0.18181818181818182, 0.20087336244541484, 0.2, 0.2096069868995633, 0.20869565217391303, 0.20869565217391303, 0.20600858369098712, 0.21367521367521367, 0.22127659574468084, 0.21940928270042195, 0.2175732217573222, 0.23868312757201646, 0.2396694214876033, 0.24193548387096775, 0.24603174603174602, 0.23904382470119523, 0.24124513618677043, 0.25384615384615383, 0.2509505703422053, 0.2585551330798479, 0.2631578947368421, 0.25735294117647056, 0.2564102564102564, 0.26714801444043323, 0.26811594202898553, 0.26714801444043323, 0.26618705035971224, 0.2714285714285714, 0.2727272727272727, 0.2768166089965398, 0.2777777777777778, 0.27986348122866894, 0.2808219178082192, 0.27796610169491526, 0.28187919463087246, 0.2847682119205298, 0.28664495114006516, 0.284789644012945, 0.28205128205128205, 0.2857142857142857, 0.2875, 0.2839506172839506, 0.28134556574923547, 0.2804878048780488, 0.2787878787878788, 0.27627627627627627, 0.27380952380952384, 0.27299703264094954, 0.2756598240469208, 0.27325581395348836, 0.2693409742120344, 0.276657060518732, 0.27507163323782235, 0.276657060518732, 0.27507163323782235, 0.2774566473988439, 0.27350427350427353, 0.2752808988764045, 0.2752808988764045, 0.2785515320334262, 0.27624309392265195, 0.2777777777777778, 0.2770083102493075, 0.27945205479452057, 0.2809917355371901, 0.2756756756756757, 0.2764227642276423, 0.2734584450402145, 0.272, 0.2734584450402145, 0.26842105263157895, 0.26631853785900783, 0.265625, 0.26631853785900783, 0.2649350649350649, 0.26424870466321243, 0.26153846153846155, 0.2608695652173913, 0.26153846153846155, 0.2570694087403599, 0.25257731958762886, 0.2519280205655527, 0.2519280205655527, 0.2512820512820513, 0.2506393861892583, 0.24936386768447838, 0.24936386768447838, 0.25316455696202533, 0.25316455696202533, 0.25316455696202533, 0.25252525252525254, 0.2518891687657431, 0.25, 0.24875621890547264, 0.24752475247524752, 0.24752475247524752, 0.24691358024691357, 0.24630541871921183, 0.2457002457002457, 0.24630541871921183, 0.24509803921568626, 0.24271844660194175, 0.24213075060532688, 0.2403846153846154, 0.23980815347721823, 0.2375296912114014, 0.23696682464454977, 0.2375296912114014, 0.23809523809523808, 0.23696682464454977, 0.23696682464454977, 0.2358490566037736, 0.2358490566037736, 0.2388758782201405, 0.23776223776223776, 0.2388758782201405, 0.2361111111111111, 0.24018475750577367, 0.23255813953488372, 0.2361111111111111, 0.23963133640552994, 0.23556581986143188, 0.23394495412844038, 0.23448275862068965, 0.23556581986143188, 0.23394495412844038, 0.23234624145785876, 0.23394495412844038, 0.23394495412844038, 0.23448275862068965, 0.23234624145785876, 0.23394495412844038, 0.2334096109839817, 0.2328767123287671, 0.2318181818181818, 0.23024830699774265, 0.22869955156950672, 0.2318181818181818, 0.23129251700680273, 0.23129251700680273, 0.22972972972972974, 0.2292134831460674, 0.22767857142857142, 0.2292134831460674, 0.22666666666666666, 0.22666666666666666, 0.22666666666666666, 0.22666666666666666, 0.2261640798226164, 0.22466960352422907, 0.22767857142857142, 0.22666666666666666, 0.22717149220489977, 0.22666666666666666, 0.2261640798226164, 0.2251655629139073, 0.22666666666666666, 0.22717149220489977, 0.22466960352422907, 0.22417582417582418, 0.2236842105263158, 0.2251655629139073, 0.22466960352422907, 0.22466960352422907, 0.22417582417582418, 0.22319474835886213, 0.22417582417582418, 0.22319474835886213, 0.22319474835886213, 0.22466960352422907, 0.2236842105263158, 0.22319474835886213, 0.22270742358078602, 0.22270742358078602, 0.22270742358078602, 0.22270742358078602, 0.22270742358078602, 0.22270742358078602, 0.22270742358078602, 0.22270742358078602, 0.22270742358078602, 0.22125813449023862, 0.2217391304347826, 0.21935483870967742, 0.21935483870967742, 0.2203023758099352, 0.22125813449023862, 0.21982758620689655, 0.21841541755888652, 0.21841541755888652, 0.21888412017167383, 0.21841541755888652, 0.21935483870967742, 0.21748400852878466, 0.21748400852878466, 0.21748400852878466, 0.21656050955414013, 0.21656050955414013, 0.21610169491525424, 0.2170212765957447, 0.2156448202959831, 0.2156448202959831]
initial validation AUC: [np.float64(0.48306837979094075), np.float64(0.48306837979094075), np.float64(0.49869337979094075), np.float64(0.4995644599303137), np.float64(0.4995644599303137), np.float64(0.49869337979094075), np.float64(0.5073769599303136), np.float64(0.5073769599303136), np.float64(0.5065058797909407), np.float64(0.5065058797909407), np.float64(0.4995644599303137), np.float64(0.5004355400696864), np.float64(0.5082480400696864), np.float64(0.5247441202090593), np.float64(0.5325566202090593), np.float64(0.5386269599303136), np.float64(0.5377558797909407), np.float64(0.5368847996515679), np.float64(0.5559941202090593), np.float64(0.5551230400696864), np.float64(0.5646777003484321), np.float64(0.5638066202090594), np.float64(0.5638066202090594), np.float64(0.5611933797909406), np.float64(0.5690058797909407), np.float64(0.5768183797909407), np.float64(0.5750762195121951), np.float64(0.5733340592334495), np.float64(0.5959004790940766), np.float64(0.5967715592334495), np.float64(0.6002286585365854), np.float64(0.605427918118467), np.float64(0.597615418118467), np.float64(0.6010725174216027), np.float64(0.61582643728223), np.float64(0.6132131968641115), np.float64(0.6218967770034843), np.float64(0.6279671167247387), np.float64(0.6227406358885017), np.float64(0.6218695557491289), np.float64(0.6357523954703833), np.float64(0.6366234756097561), np.float64(0.6357523954703833), np.float64(0.6348813153310104), np.float64(0.6418227351916376), np.float64(0.6452798344947737), np.float64(0.6513501742160279), np.float64(0.6522212543554007), np.float64(0.6565494337979094), np.float64(0.6574205139372823), np.float64(0.6548072735191638), np.float64(0.660877613240418), np.float64(0.6660768728222997), np.float64(0.6704050522648084), np.float64(0.6686628919860627), np.float64(0.6660496515679443), np.float64(0.6721199912891986), np.float64(0.6764481707317073), np.float64(0.6729638501742159), np.float64(0.6703506097560976), np.float64(0.6694795296167247), np.float64(0.6677373693379791), np.float64(0.6651241289198606), np.float64(0.6625108885017421), np.float64(0.6616398083623694), np.float64(0.6668390679442509), np.float64(0.6642258275261324), np.float64(0.6598704268292683), np.float64(0.6702961672473867), np.float64(0.6685540069686411), np.float64(0.6702961672473867), np.float64(0.6685540069686411), np.float64(0.6711672473867596), np.float64(0.6668118466898955), np.float64(0.6711400261324043), np.float64(0.6711400261324043), np.float64(0.6772103658536586), np.float64(0.6745971254355401), np.float64(0.6763392857142857), np.float64(0.6754682055749129), np.float64(0.6806674651567944), np.float64(0.6824096254355401), np.float64(0.6763120644599303), np.float64(0.6771831445993032), np.float64(0.6736988240418118), np.float64(0.6719566637630662), np.float64(0.6736988240418118), np.float64(0.667601263066202), np.float64(0.6649880226480837), np.float64(0.6641169425087108), np.float64(0.6649880226480837), np.float64(0.6632458623693379), np.float64(0.6623747822299652), np.float64(0.6588904616724739), np.float64(0.658019381533101), np.float64(0.6588904616724739), np.float64(0.6510779616724739), np.float64(0.6432654616724739), np.float64(0.642394381533101), np.float64(0.642394381533101), np.float64(0.6415233013937283), np.float64(0.6406522212543554), np.float64(0.6389100609756098), np.float64(0.6389100609756098), np.float64(0.645851480836237), np.float64(0.645851480836237), np.float64(0.645851480836237), np.float64(0.6449804006968641), np.float64(0.6441093205574913), np.float64(0.6414960801393728), np.float64(0.6397539198606272), np.float64(0.6380117595818815), np.float64(0.6380117595818815), np.float64(0.6371406794425087), np.float64(0.6362695993031359), np.float64(0.635398519163763), np.float64(0.6362695993031359), np.float64(0.6345274390243902), np.float64(0.631043118466899), np.float64(0.6301720383275261), np.float64(0.6275587979094077), np.float64(0.6266877177700348), np.float64(0.6232033972125436), np.float64(0.6223323170731707), np.float64(0.6232033972125436), np.float64(0.6240744773519165), np.float64(0.6223323170731707), np.float64(0.6223323170731707), np.float64(0.6205901567944251), np.float64(0.6205901567944251), np.float64(0.6266604965156795), np.float64(0.6249183362369338), np.float64(0.6266604965156795), np.float64(0.6223050958188153), np.float64(0.6301175958188153), np.float64(0.6153636759581882), np.float64(0.6223050958188153), np.float64(0.6292465156794425), np.float64(0.6214340156794425), np.float64(0.6188207752613241), np.float64(0.6196918554006968), np.float64(0.6214340156794425), np.float64(0.6188207752613241), np.float64(0.6162075348432056), np.float64(0.6188207752613241), np.float64(0.6188207752613241), np.float64(0.6196918554006968), np.float64(0.6162075348432056), np.float64(0.6188207752613241), np.float64(0.6179496951219512), np.float64(0.6170786149825784), np.float64(0.6153364547038328), np.float64(0.6127232142857143), np.float64(0.6101099738675958), np.float64(0.6153364547038328), np.float64(0.6144653745644599), np.float64(0.6144653745644599), np.float64(0.6118521341463415), np.float64(0.6109810540069687), np.float64(0.6083678135888502), np.float64(0.6109810540069687), np.float64(0.6066256533101045), np.float64(0.6066256533101045), np.float64(0.6066256533101045), np.float64(0.6066256533101045), np.float64(0.6057545731707317), np.float64(0.6031413327526132), np.float64(0.6083678135888502), np.float64(0.6066256533101045), np.float64(0.6074967334494774), np.float64(0.6066256533101045), np.float64(0.6057545731707317), np.float64(0.604012412891986), np.float64(0.6066256533101045), np.float64(0.6074967334494774), np.float64(0.6031413327526132), np.float64(0.6022702526132404), np.float64(0.6013991724738675), np.float64(0.604012412891986), np.float64(0.6031413327526132), np.float64(0.6031413327526132), np.float64(0.6022702526132404), np.float64(0.6005280923344948), np.float64(0.6022702526132404), np.float64(0.6005280923344948), np.float64(0.6005280923344948), np.float64(0.6031413327526132), np.float64(0.6013991724738675), np.float64(0.6005280923344948), np.float64(0.5996570121951219), np.float64(0.5996570121951219), np.float64(0.5996570121951219), np.float64(0.5996570121951219), np.float64(0.5996570121951219), np.float64(0.5996570121951219), np.float64(0.5996570121951219), np.float64(0.5996570121951219), np.float64(0.5996570121951219), np.float64(0.5970437717770035), np.float64(0.5979148519163763), np.float64(0.5935594512195123), np.float64(0.5935594512195123), np.float64(0.5953016114982579), np.float64(0.5970437717770035), np.float64(0.594430531358885), np.float64(0.5918172909407666), np.float64(0.5918172909407666), np.float64(0.5926883710801394), np.float64(0.5918172909407666), np.float64(0.5935594512195123), np.float64(0.5900751306620209), np.float64(0.5900751306620209), np.float64(0.5900751306620209), np.float64(0.5883329703832753), np.float64(0.5883329703832753), np.float64(0.5874618902439024), np.float64(0.5892040505226481), np.float64(0.5865908101045296), np.float64(0.5865908101045296)]
