learningRate: 0.0001
epochs: (212, 1000)
treshold: 0.5
model: Ivan_NN6(
  (net): Sequential(
    (0): Linear(in_features=28, out_features=8, bias=True)
    (1): BatchNorm1d(8, eps=1e-05, momentum=0.1, affine=True, track_running_stats=True)
    (2): LeakyReLU(negative_slope=0.1)
    (3): Linear(in_features=8, out_features=1, bias=True)
  )
)
initial training loss: [0.00539232949157814, 0.005386355031620373, 0.005379593031747, 0.005368478267223804, 0.0053627199011963686, 0.005350484027490988, 0.005339730095553708, 0.005329127667786239, 0.005317638137123801, 0.0053056084645258916, 0.00529249307397124, 0.00527898350319305, 0.00526523664400175, 0.005249871510963935, 0.0052337352950851635, 0.005220499673447052, 0.005202958785094224, 0.005185928360208289, 0.005168414673247895, 0.005150636666780942, 0.005130682734699993, 0.005112581949729424, 0.005093482964998716, 0.005072467234227564, 0.005050634548261568, 0.005029174151358666, 0.0050069695633727235, 0.0049831010149670885, 0.00496208963456092, 0.004936801582187801, 0.0049116457901991805, 0.004888158680556656, 0.004861435843752576, 0.004835591981937359, 0.004808409244983227, 0.004781390985885224, 0.004753331689091472, 0.004725830787188047, 0.004697168306870894, 0.004668731906197288, 0.004638929924407563, 0.004610296534253405, 0.004578642829672083, 0.004549019537962876, 0.004517760354203064, 0.004487293370358356, 0.004456135437086031, 0.004425365940316931, 0.004393692295272629, 0.004362459616227584, 0.004331217431402826, 0.004299912297880495, 0.004269181536389635, 0.004237184338755422, 0.004207463790844013, 0.004176391657296713, 0.004146263057535345, 0.004116466184715172, 0.004087335738268766, 0.004056953423983091, 0.004026867724084235, 0.0039967468497040986, 0.00396822755986994, 0.003940143244607108, 0.003911720034363982, 0.0038822064461646144, 0.003854060869712334, 0.003825610148442256, 0.0037956518012207826, 0.0037679821949500544, 0.0037406154112382367, 0.0037094481424851853, 0.0036813801449614688, 0.003652244032203377, 0.003624087448243971, 0.003594508728423676, 0.0035635650467562984, 0.0035350849411704324, 0.0035042959993535822, 0.003475716423678708, 0.0034490801142407703, 0.0034188107701091023, 0.003389038404861054, 0.0033621159931281944, 0.00333464401108878, 0.0033079254472410525, 0.0032798709188188824, 0.003252438028137405, 0.003226539066859654, 0.003201018711189171, 0.003174427298756389, 0.003150547402245658, 0.003127526385443551, 0.0031031103799869487, 0.003080463409423828, 0.003058200703038798, 0.0030371536991812965, 0.0030166848836007056, 0.0029964054404915154, 0.002976616597794867, 0.0029587000221401065, 0.0029405195062810726, 0.0029220480887920826, 0.002904069292080867, 0.0028874045765245114, 0.0028717850322847243, 0.0028554505187195615, 0.0028393916108391502, 0.0028236074184442494, 0.0028112063315007593, 0.0027960036017678, 0.0027807774249609413, 0.0027672777857099262, 0.0027540369002850024, 0.0027422190951062486, 0.0027293894430259606, 0.0027167318006614586, 0.0027034687763684757, 0.002691434304435532, 0.0026807170254843577, 0.0026708210985381883, 0.002657460988341988, 0.0026479546435467607, 0.002635824308766947, 0.0026260865044284176, 0.0026170772391480284, 0.002606752569025213, 0.0025962242522797026, 0.0025878387612181825, 0.002578386633427112, 0.002569480762853251, 0.00255874671719291, 0.00255245951088992, 0.002542269624672927, 0.0025363423994609288, 0.002527568471896184, 0.002518520626154813, 0.0025131006829150313, 0.002504437016202258, 0.0024966592835141467, 0.0024885469597655456, 0.002480818002254932, 0.0024758384444496847, 0.002468169354773187, 0.0024625539624845826, 0.00245592948678252, 0.0024494995854117655, 0.0024424879968940436, 0.00243763281153394, 0.002433015951862583, 0.0024273193966258657, 0.0024201610336056, 0.002417095752505513, 0.0024102656949650156, 0.0024070024025904667, 0.0024011769542446383, 0.002396242935936172, 0.002392113379069737, 0.0023872772904185505, 0.002382018550649866, 0.0023780796744606713, 0.0023752577970554303, 0.0023703595492746924, 0.0023668828335675325, 0.0023635817270774347, 0.0023595975668399367, 0.002356755748971716, 0.0023525277438101832, 0.002349924925085786, 0.002346769819011936, 0.002344683896411549, 0.0023425576671377403, 0.002338995918050989, 0.0023371445281164986, 0.002334180807138418, 0.0023327970272534852, 0.0023301055214621806, 0.0023295289432847654, 0.0023276611194982155, 0.0023258483332472962, 0.002323838108545774, 0.0023220129988410255, 0.002320862141522494, 0.0023186905740143417, 0.0023182054463919107, 0.002316478088304594, 0.002313425231289554, 0.0023127916261747286, 0.002310803091371214, 0.002308810446169469, 0.0023079559942344565, 0.0023029403949712778, 0.002302630938492812, 0.0022974623642958605, 0.002294169749532427, 0.0022929423660426945, 0.0022897785824614685, 0.0022871881413769413, 0.0022843469737412092, 0.0022797759167559736, 0.0022763552836009434, 0.002272865485835385, 0.002269578893463333, 0.0022655341919366415, 0.0022614502984207945, 0.002257471765790667, 0.0022540439878191267, 0.002250055113396087, 0.00224525354125283, 0.0022412672677597444, 0.002235026498893639, 0.002232140341362396, 0.002226368212080621]
initial training acc: [0.43337662337662336, 0.4348051948051948, 0.438051948051948, 0.43753246753246755, 0.4396103896103896, 0.44233766233766236, 0.4432467532467532, 0.44623376623376626, 0.44857142857142857, 0.44922077922077924, 0.4521428571428571, 0.4548051948051948, 0.459025974025974, 0.46324675324675324, 0.46474025974025973, 0.46655844155844156, 0.4705844155844156, 0.4718831168831169, 0.47675324675324676, 0.4776623376623377, 0.48253246753246753, 0.48454545454545456, 0.48902597402597403, 0.4914935064935065, 0.49642857142857144, 0.49883116883116885, 0.5031168831168831, 0.5060389610389611, 0.5097402597402597, 0.5146103896103896, 0.517987012987013, 0.5228571428571429, 0.5252597402597402, 0.5311688311688312, 0.530974025974026, 0.5362987012987013, 0.538961038961039, 0.5424675324675324, 0.5456493506493506, 0.5496753246753247, 0.5531168831168831, 0.5544805194805195, 0.5555194805194805, 0.5582467532467532, 0.561038961038961, 0.5605844155844156, 0.5632467532467532, 0.5643506493506494, 0.5658441558441558, 0.567987012987013, 0.5677272727272727, 0.571038961038961, 0.5714285714285714, 0.5724025974025974, 0.5738961038961039, 0.5751948051948051, 0.5752597402597402, 0.5757792207792207, 0.5745454545454546, 0.575974025974026, 0.5765584415584416, 0.577922077922078, 0.5764935064935065, 0.5783116883116883, 0.5773376623376624, 0.5773376623376624, 0.5775324675324676, 0.5797402597402598, 0.5821428571428572, 0.581038961038961, 0.5828571428571429, 0.5836363636363636, 0.5845454545454546, 0.5846753246753247, 0.5864935064935065, 0.586948051948052, 0.586948051948052, 0.5894805194805195, 0.5902597402597403, 0.5924025974025974, 0.5938961038961039, 0.594025974025974, 0.5962987012987013, 0.597987012987013, 0.5980519480519481, 0.5994155844155844, 0.601038961038961, 0.6023376623376623, 0.6014285714285714, 0.6016233766233766, 0.6020779220779221, 0.6022077922077922, 0.6024025974025974, 0.602922077922078, 0.6014285714285714, 0.600909090909091, 0.6008441558441558, 0.6018181818181818, 0.6012987012987013, 0.6, 0.5989610389610389, 0.5977922077922078, 0.5982467532467532, 0.5986363636363636, 0.5972727272727273, 0.5975974025974026, 0.5953896103896104, 0.5959090909090909, 0.5954545454545455, 0.594025974025974, 0.5942207792207792, 0.5946753246753247, 0.5950649350649351, 0.5931168831168832, 0.5939610389610389, 0.5932467532467532, 0.592987012987013, 0.592987012987013, 0.5914935064935065, 0.5922727272727273, 0.5920779220779221, 0.5916233766233766, 0.5918181818181818, 0.5907142857142857, 0.5908441558441558, 0.5903896103896104, 0.5912337662337662, 0.5901948051948052, 0.5914285714285714, 0.5898051948051948, 0.5900649350649351, 0.589935064935065, 0.5896753246753247, 0.5897402597402598, 0.5894805194805195, 0.5901948051948052, 0.5895454545454546, 0.5888311688311688, 0.5892857142857143, 0.5901948051948052, 0.589025974025974, 0.589935064935065, 0.5890909090909091, 0.5898051948051948, 0.59, 0.5903896103896104, 0.5898051948051948, 0.5896103896103896, 0.5896753246753247, 0.5896753246753247, 0.5906493506493506, 0.5901298701298702, 0.5897402597402598, 0.5898051948051948, 0.5911038961038961, 0.5898701298701299, 0.5897402597402598, 0.5902597402597403, 0.5902597402597403, 0.5905844155844155, 0.5902597402597403, 0.5903896103896104, 0.5898051948051948, 0.5907142857142857, 0.5901298701298702, 0.5901948051948052, 0.5908441558441558, 0.5917532467532467, 0.589935064935065, 0.5911688311688311, 0.5898701298701299, 0.5897402597402598, 0.5901298701298702, 0.591038961038961, 0.5907142857142857, 0.5903896103896104, 0.591038961038961, 0.5907142857142857, 0.5902597402597403, 0.5916883116883117, 0.589935064935065, 0.5906493506493506, 0.5911688311688311, 0.5909740259740259, 0.5912987012987013, 0.5900649350649351, 0.5911038961038961, 0.5906493506493506, 0.5901298701298702, 0.5914285714285714, 0.5907792207792207, 0.5914935064935065, 0.5917532467532467, 0.5902597402597403, 0.5911038961038961, 0.5916233766233766, 0.5907142857142857, 0.5909090909090909, 0.5913636363636363, 0.5911038961038961, 0.5911688311688311, 0.5912337662337662, 0.5905844155844155, 0.5903246753246754, 0.592012987012987, 0.5924675324675325, 0.591038961038961, 0.5911038961038961, 0.5907142857142857, 0.5905844155844155, 0.591038961038961, 0.5914285714285714, 0.5912337662337662]
initial validation loss: [0.002333802489277711, 0.00240420435663301, 0.002412862351695572, 0.0024074039489124263, 0.0024062897718064836, 0.0023997261606413744, 0.0023991235744990525, 0.0023922086883114424, 0.0023872366519557273, 0.002385326313748255, 0.0023790958533092725, 0.0023739724697364162, 0.002366665388723152, 0.0023633869464120896, 0.002356625649622615, 0.0023516140014026607, 0.002346152609044855, 0.0023399744661624154, 0.0023330646248820434, 0.0023280017801960433, 0.002320096597402447, 0.002313762809789293, 0.002305433107394036, 0.0022996798578100892, 0.00229419492255184, 0.0022867665769164464, 0.0022775605554491, 0.0022714692970802045, 0.0022648752296232505, 0.0022579612776777213, 0.0022518404972590622, 0.0022427761068912135, 0.002236545459603815, 0.002228718566296616, 0.0022204112857113064, 0.0022128712047230115, 0.002205630641745923, 0.0021954466556680613, 0.002189312235315018, 0.0021808457598790853, 0.0021733908817685886, 0.0021661432185516834, 0.002159428447017849, 0.002152239827900471, 0.0021443809835140983, 0.0021381068005457194, 0.0021308113041342614, 0.0021238810963765207, 0.0021180983247428104, 0.0021126074103352418, 0.0021064756058600254, 0.0021009850651492893, 0.0020952370473209967, 0.0020913044487047344, 0.002087141092294436, 0.0020824227960879525, 0.0020796434258966235, 0.0020761828063797427, 0.0020736134538082494, 0.002071843812458194, 0.0020715336440872622, 0.0020731517513717605, 0.0020727685252700852, 0.0020754940831175417, 0.0020782855984559255, 0.002079658000073089, 0.0020823022788594883, 0.0020852576602589, 0.002086181812525543, 0.0020918648071049897, 0.002095096163615164, 0.0020975778842794485, 0.0021000558679754085, 0.0021033285179855683, 0.0021057198040164, 0.002108385570370665, 0.002113245497676646, 0.0021144112449454663, 0.002116183689021765, 0.002121061180078871, 0.002125433433018508, 0.002129513828732003, 0.0021310579440436766, 0.002134148043151186, 0.0021376492087743872, 0.0021433761127316467, 0.0021416309485241163, 0.0021504068449373155, 0.0021558940223765596, 0.002157788665317069, 0.0021639357913624158, 0.002172474577135427, 0.0021749406025327487, 0.002179658338193983, 0.002186281740852284, 0.0021933287288701648, 0.002201013617381033, 0.0022038150356854763, 0.002213828616007742, 0.002214755944697461, 0.0022269847998424757, 0.002231877051924463, 0.002241796460644952, 0.0022501893178048927, 0.0022540425058442596, 0.0022581998831052393, 0.0022636577253431363, 0.002270961256236492, 0.0022768154039651996, 0.0022851370718785587, 0.002292376700613566, 0.0022964696151709482, 0.002302567039537579, 0.002312209912602057, 0.0023166662473289943, 0.002317315732423788, 0.0023287949517229135, 0.002334288482008309, 0.002340106754841102, 0.0023480855559106905, 0.00235210784176674, 0.0023553292953108545, 0.0023622540844645246, 0.002371495046585705, 0.0023793931291394847, 0.002384179998714722, 0.002382175862602306, 0.0023911098327756303, 0.002400358642530292, 0.002403146607748767, 0.002404209401540248, 0.0024085754884821493, 0.00241543693602272, 0.002419546106392313, 0.0024283588119435088, 0.002431011685757054, 0.002432626242921644, 0.00244066651712017, 0.0024468194354664197, 0.0024480204970859063, 0.002455461922110435, 0.0024563832716508346, 0.0024610918517396743, 0.0024627710584562775, 0.0024701142012138726, 0.002471191942878651, 0.0024780147127970633, 0.0024731706676064612, 0.0024808355633367937, 0.0024841504410890204, 0.002490763567084429, 0.002488571835162124, 0.0024962098247205203, 0.002494888059024153, 0.0024942957495447237, 0.0025036476996251407, 0.0025095644415732833, 0.0025104686010593903, 0.002511119394093098, 0.00251340380282985, 0.002520417905526475, 0.0025113645392151837, 0.0025206821091870155, 0.002521874949476188, 0.0025219980825824796, 0.002524425430357643, 0.0025270925046508214, 0.002527113805370271, 0.0025289460409397614, 0.002533272889714256, 0.0025358280418061162, 0.0025387580118209217, 0.0025407139410419523, 0.0025445811427125364, 0.002546333594008299, 0.0025441379382692532, 0.002546688979695957, 0.0025488711823490346, 0.0025484429257790495, 0.0025501600627241463, 0.002548798311466707, 0.0025537068193609066, 0.0025599518539763545, 0.0025574669568889942, 0.0025523123696306283, 0.0025567034942603037, 0.002557426784479506, 0.002559983431358696, 0.0025630122441856838, 0.002560436912464871, 0.0025653149640672258, 0.0025694534696381667, 0.0025693137070228315, 0.002571425841519825, 0.0025705786708006663, 0.002574383651948648, 0.0025793293426776753, 0.0025814450272945775, 0.002585281212128068, 0.0025843148321193585, 0.0025874639753263947, 0.002589025841237609, 0.0025921140718609564, 0.00259597286535281, 0.002602201270459214, 0.0026022433113528642, 0.002607723575400708, 0.002614544663683374, 0.002615325316366357, 0.002617338234354336, 0.0026242531205419462, 0.0026275057777715703, 0.0026310344101119565]
initial validation acc: [0.3824451410658307, 0.40752351097178685, 0.4090909090909091, 0.4122257053291536, 0.4059561128526646, 0.4059561128526646, 0.4090909090909091, 0.4059561128526646, 0.4043887147335423, 0.3996865203761755, 0.40282131661442006, 0.4012539184952978, 0.3981191222570533, 0.39655172413793105, 0.39184952978056425, 0.3887147335423197, 0.384012539184953, 0.3824451410658307, 0.38557993730407525, 0.3777429467084639, 0.38087774294670845, 0.3730407523510972, 0.3761755485893417, 0.3683385579937304, 0.3667711598746082, 0.3683385579937304, 0.36990595611285265, 0.36990595611285265, 0.3714733542319749, 0.3652037617554859, 0.36363636363636365, 0.3652037617554859, 0.3652037617554859, 0.3605015673981191, 0.3557993730407524, 0.3495297805642633, 0.3463949843260188, 0.3448275862068966, 0.3463949843260188, 0.34169278996865204, 0.3385579937304075, 0.329153605015674, 0.31504702194357365, 0.30877742946708464, 0.3056426332288401, 0.30407523510971785, 0.3072100313479624, 0.2993730407523511, 0.29310344827586204, 0.29310344827586204, 0.28683385579937304, 0.28683385579937304, 0.27586206896551724, 0.27586206896551724, 0.28056426332288403, 0.2774294670846395, 0.2711598746081505, 0.274294670846395, 0.2711598746081505, 0.2711598746081505, 0.2711598746081505, 0.26489028213166144, 0.26489028213166144, 0.25862068965517243, 0.25391849529780564, 0.25705329153605017, 0.25235109717868337, 0.2507836990595611, 0.2476489028213166, 0.24608150470219436, 0.24608150470219436, 0.25235109717868337, 0.24921630094043887, 0.2507836990595611, 0.2507836990595611, 0.25705329153605017, 0.26332288401253917, 0.2664576802507837, 0.26332288401253917, 0.2601880877742947, 0.2617554858934169, 0.25862068965517243, 0.2601880877742947, 0.2601880877742947, 0.2617554858934169, 0.2554858934169279, 0.2554858934169279, 0.25705329153605017, 0.2554858934169279, 0.25705329153605017, 0.25391849529780564, 0.25391849529780564, 0.2507836990595611, 0.2507836990595611, 0.25235109717868337, 0.2476489028213166, 0.2476489028213166, 0.2476489028213166, 0.24608150470219436, 0.24608150470219436, 0.24608150470219436, 0.24294670846394983, 0.23981191222570533, 0.23667711598746083, 0.23197492163009403, 0.23197492163009403, 0.22884012539184953, 0.22884012539184953, 0.2304075235109718, 0.22727272727272727, 0.22727272727272727, 0.22570532915360503, 0.219435736677116, 0.22100313479623823, 0.22100313479623823, 0.2225705329153605, 0.22413793103448276, 0.22884012539184953, 0.22727272727272727, 0.22884012539184953, 0.2304075235109718, 0.22884012539184953, 0.22884012539184953, 0.22570532915360503, 0.22570532915360503, 0.21786833855799373, 0.219435736677116, 0.22100313479623823, 0.21786833855799373, 0.22100313479623823, 0.2225705329153605, 0.22100313479623823, 0.219435736677116, 0.21786833855799373, 0.21630094043887146, 0.21630094043887146, 0.21630094043887146, 0.21473354231974923, 0.21473354231974923, 0.219435736677116, 0.219435736677116, 0.21786833855799373, 0.21630094043887146, 0.21316614420062696, 0.21473354231974923, 0.21316614420062696, 0.21473354231974923, 0.21786833855799373, 0.21316614420062696, 0.21473354231974923, 0.21473354231974923, 0.21630094043887146, 0.21630094043887146, 0.21630094043887146, 0.21786833855799373, 0.21786833855799373, 0.21786833855799373, 0.21786833855799373, 0.2225705329153605, 0.21630094043887146, 0.22413793103448276, 0.22413793103448276, 0.22413793103448276, 0.2225705329153605, 0.22570532915360503, 0.2225705329153605, 0.2225705329153605, 0.2225705329153605, 0.22413793103448276, 0.2225705329153605, 0.22100313479623823, 0.22100313479623823, 0.2225705329153605, 0.22100313479623823, 0.22100313479623823, 0.22100313479623823, 0.219435736677116, 0.219435736677116, 0.22100313479623823, 0.219435736677116, 0.21786833855799373, 0.21630094043887146, 0.21630094043887146, 0.219435736677116, 0.21786833855799373, 0.21786833855799373, 0.21630094043887146, 0.21630094043887146, 0.21630094043887146, 0.21630094043887146, 0.21630094043887146, 0.21630094043887146, 0.21630094043887146, 0.21630094043887146, 0.21630094043887146, 0.21630094043887146, 0.21316614420062696, 0.21473354231974923, 0.21473354231974923, 0.21473354231974923, 0.21630094043887146, 0.21630094043887146, 0.21630094043887146, 0.21630094043887146, 0.21630094043887146, 0.21630094043887146, 0.21630094043887146, 0.21630094043887146, 0.21473354231974923, 0.21473354231974923, 0.21630094043887146, 0.21630094043887146, 0.21630094043887146]
initial validation precision: [0.07474226804123711, 0.07103825136612021, 0.07123287671232877, 0.07162534435261708, 0.07084468664850137, 0.07084468664850137, 0.07123287671232877, 0.07084468664850137, 0.07065217391304347, 0.07008086253369272, 0.07046070460704607, 0.07027027027027027, 0.06989247311827956, 0.06970509383378017, 0.06914893617021277, 0.06878306878306878, 0.07049608355091384, 0.0703125, 0.07291666666666667, 0.07197943444730077, 0.07455012853470437, 0.07360406091370558, 0.07828282828282829, 0.07518796992481203, 0.07920792079207921, 0.0794044665012407, 0.07960199004975124, 0.08374384236453201, 0.085995085995086, 0.0891566265060241, 0.09090909090909091, 0.09112709832134293, 0.09112709832134293, 0.0924170616113744, 0.09557109557109557, 0.09280742459396751, 0.0979498861047836, 0.09772727272727273, 0.09977324263038549, 0.0990990990990991, 0.09865470852017937, 0.09734513274336283, 0.09544468546637744, 0.09635974304068523, 0.09766454352441614, 0.09915611814345991, 0.10126582278481013, 0.09853249475890985, 0.10103092783505155, 0.10103092783505155, 0.10020449897750511, 0.10505050505050505, 0.10358565737051793, 0.102, 0.10420841683366733, 0.10379241516966067, 0.10609037328094302, 0.10805500982318271, 0.10916179337231968, 0.11067961165048544, 0.11067961165048544, 0.10982658959537572, 0.10982658959537572, 0.1089866156787763, 0.10836501901140684, 0.10877862595419847, 0.10815939278937381, 0.10795454545454546, 0.10754716981132076, 0.10881801125703565, 0.1102803738317757, 0.1111111111111111, 0.11069418386491557, 0.11090225563909774, 0.11090225563909774, 0.11320754716981132, 0.11553030303030302, 0.11742424242424243, 0.1169811320754717, 0.11654135338345864, 0.1167608286252354, 0.11632270168855535, 0.11654135338345864, 0.11654135338345864, 0.1167608286252354, 0.11588785046728972, 0.11588785046728972, 0.11610486891385768, 0.11588785046728972, 0.11610486891385768, 0.11567164179104478, 0.11567164179104478, 0.11524163568773234, 0.11524163568773234, 0.1154562383612663, 0.11481481481481481, 0.11481481481481481, 0.11481481481481481, 0.11460258780036968, 0.11460258780036968, 0.11460258780036968, 0.1141804788213628, 0.11376146788990826, 0.113345521023766, 0.11272727272727273, 0.11272727272727273, 0.11231884057971014, 0.11231884057971014, 0.11252268602540835, 0.11211573236889692, 0.11211573236889692, 0.11191335740072202, 0.1111111111111111, 0.11131059245960502, 0.11131059245960502, 0.11151079136690648, 0.11171171171171171, 0.11231884057971014, 0.11211573236889692, 0.11231884057971014, 0.11252268602540835, 0.11231884057971014, 0.11231884057971014, 0.11191335740072202, 0.11191335740072202, 0.11091234347048301, 0.1111111111111111, 0.11131059245960502, 0.11091234347048301, 0.11131059245960502, 0.11151079136690648, 0.11131059245960502, 0.1111111111111111, 0.11091234347048301, 0.11071428571428571, 0.11071428571428571, 0.11209964412811388, 0.11190053285968028, 0.11190053285968028, 0.1125, 0.1125, 0.11229946524064172, 0.11209964412811388, 0.11170212765957446, 0.11190053285968028, 0.11170212765957446, 0.11190053285968028, 0.11229946524064172, 0.11170212765957446, 0.11190053285968028, 0.11190053285968028, 0.11209964412811388, 0.11209964412811388, 0.11209964412811388, 0.11229946524064172, 0.11229946524064172, 0.11229946524064172, 0.11229946524064172, 0.11290322580645161, 0.11209964412811388, 0.11310592459605028, 0.11310592459605028, 0.11310592459605028, 0.11290322580645161, 0.11330935251798561, 0.11290322580645161, 0.11290322580645161, 0.11290322580645161, 0.11310592459605028, 0.11290322580645161, 0.11270125223613596, 0.11270125223613596, 0.11290322580645161, 0.11270125223613596, 0.11270125223613596, 0.11270125223613596, 0.1125, 0.1125, 0.11270125223613596, 0.1125, 0.11229946524064172, 0.11209964412811388, 0.11209964412811388, 0.1125, 0.11229946524064172, 0.11229946524064172, 0.11209964412811388, 0.11209964412811388, 0.11209964412811388, 0.11209964412811388, 0.11209964412811388, 0.11209964412811388, 0.11209964412811388, 0.11209964412811388, 0.11209964412811388, 0.11209964412811388, 0.11170212765957446, 0.11190053285968028, 0.11190053285968028, 0.11190053285968028, 0.11209964412811388, 0.11209964412811388, 0.11209964412811388, 0.11209964412811388, 0.11209964412811388, 0.11209964412811388, 0.11209964412811388, 0.11209964412811388, 0.11190053285968028, 0.11190053285968028, 0.11209964412811388, 0.11209964412811388, 0.11209964412811388]
initial validation recall: [0.453125, 0.40625, 0.40625, 0.40625, 0.40625, 0.40625, 0.40625, 0.40625, 0.40625, 0.40625, 0.40625, 0.40625, 0.40625, 0.40625, 0.40625, 0.40625, 0.421875, 0.421875, 0.4375, 0.4375, 0.453125, 0.453125, 0.484375, 0.46875, 0.5, 0.5, 0.5, 0.53125, 0.546875, 0.578125, 0.59375, 0.59375, 0.59375, 0.609375, 0.640625, 0.625, 0.671875, 0.671875, 0.6875, 0.6875, 0.6875, 0.6875, 0.6875, 0.703125, 0.71875, 0.734375, 0.75, 0.734375, 0.765625, 0.765625, 0.765625, 0.8125, 0.8125, 0.796875, 0.8125, 0.8125, 0.84375, 0.859375, 0.875, 0.890625, 0.890625, 0.890625, 0.890625, 0.890625, 0.890625, 0.890625, 0.890625, 0.890625, 0.890625, 0.90625, 0.921875, 0.921875, 0.921875, 0.921875, 0.921875, 0.9375, 0.953125, 0.96875, 0.96875, 0.96875, 0.96875, 0.96875, 0.96875, 0.96875, 0.96875, 0.96875, 0.96875, 0.96875, 0.96875, 0.96875, 0.96875, 0.96875, 0.96875, 0.96875, 0.96875, 0.96875, 0.96875, 0.96875, 0.96875, 0.96875, 0.96875, 0.96875, 0.96875, 0.96875, 0.96875, 0.96875, 0.96875, 0.96875, 0.96875, 0.96875, 0.96875, 0.96875, 0.96875, 0.96875, 0.96875, 0.96875, 0.96875, 0.96875, 0.96875, 0.96875, 0.96875, 0.96875, 0.96875, 0.96875, 0.96875, 0.96875, 0.96875, 0.96875, 0.96875, 0.96875, 0.96875, 0.96875, 0.96875, 0.96875, 0.96875, 0.96875, 0.984375, 0.984375, 0.984375, 0.984375, 0.984375, 0.984375, 0.984375, 0.984375, 0.984375, 0.984375, 0.984375, 0.984375, 0.984375, 0.984375, 0.984375, 0.984375, 0.984375, 0.984375, 0.984375, 0.984375, 0.984375, 0.984375, 0.984375, 0.984375, 0.984375, 0.984375, 0.984375, 0.984375, 0.984375, 0.984375, 0.984375, 0.984375, 0.984375, 0.984375, 0.984375, 0.984375, 0.984375, 0.984375, 0.984375, 0.984375, 0.984375, 0.984375, 0.984375, 0.984375, 0.984375, 0.984375, 0.984375, 0.984375, 0.984375, 0.984375, 0.984375, 0.984375, 0.984375, 0.984375, 0.984375, 0.984375, 0.984375, 0.984375, 0.984375, 0.984375, 0.984375, 0.984375, 0.984375, 0.984375, 0.984375, 0.984375, 0.984375, 0.984375, 0.984375, 0.984375, 0.984375, 0.984375, 0.984375, 0.984375, 0.984375, 0.984375, 0.984375]
initial validation F1: [0.12831858407079647, 0.12093023255813953, 0.12121212121212122, 0.12177985948477751, 0.12064965197215777, 0.12064965197215777, 0.12121212121212122, 0.12064965197215777, 0.12037037037037036, 0.11954022988505747, 0.12009237875288684, 0.11981566820276497, 0.11926605504587157, 0.11899313501144165, 0.11818181818181818, 0.11764705882352941, 0.12080536912751678, 0.12053571428571429, 0.125, 0.12362030905077263, 0.1280353200883002, 0.12663755458515283, 0.13478260869565217, 0.12958963282937366, 0.13675213675213677, 0.13704496788008566, 0.13733905579399142, 0.14468085106382977, 0.14861995753715498, 0.1544885177453027, 0.15767634854771784, 0.158004158004158, 0.158004158004158, 0.16049382716049382, 0.1663286004056795, 0.16161616161616163, 0.1709741550695825, 0.17063492063492064, 0.17425742574257425, 0.1732283464566929, 0.17254901960784313, 0.17054263565891473, 0.1676190476190476, 0.1694915254237288, 0.17196261682242991, 0.17472118959107807, 0.17843866171003717, 0.17375231053604437, 0.1785063752276867, 0.1785063752276867, 0.17721518987341772, 0.18604651162790697, 0.18374558303886926, 0.18085106382978725, 0.1847246891651865, 0.184070796460177, 0.18848167539267016, 0.19197207678883071, 0.19410745233968804, 0.19689119170984457, 0.19689119170984457, 0.1955403087478559, 0.1955403087478559, 0.19420783645655879, 0.19322033898305085, 0.19387755102040816, 0.19289340101522842, 0.19256756756756757, 0.1919191919191919, 0.19430485762144054, 0.19699499165275458, 0.19831932773109243, 0.19765494137353434, 0.19798657718120805, 0.19798657718120805, 0.20202020202020202, 0.20608108108108109, 0.20945945945945946, 0.20875420875420875, 0.2080536912751678, 0.20840336134453782, 0.20770519262981574, 0.2080536912751678, 0.2080536912751678, 0.20840336134453782, 0.20701168614357263, 0.20701168614357263, 0.20735785953177258, 0.20701168614357263, 0.20735785953177258, 0.20666666666666667, 0.20666666666666667, 0.2059800664451827, 0.2059800664451827, 0.20632279534109818, 0.2052980132450331, 0.2052980132450331, 0.2052980132450331, 0.2049586776859504, 0.2049586776859504, 0.2049586776859504, 0.2042833607907743, 0.20361247947454844, 0.20294599018003273, 0.20195439739413681, 0.20195439739413681, 0.2012987012987013, 0.2012987012987013, 0.2016260162601626, 0.20097244732576985, 0.20097244732576985, 0.20064724919093851, 0.19935691318327975, 0.1996779388083736, 0.1996779388083736, 0.2, 0.20032310177705978, 0.2012987012987013, 0.20097244732576985, 0.2012987012987013, 0.2016260162601626, 0.2012987012987013, 0.2012987012987013, 0.20064724919093851, 0.20064724919093851, 0.19903691813804172, 0.19935691318327975, 0.1996779388083736, 0.19903691813804172, 0.1996779388083736, 0.2, 0.1996779388083736, 0.19935691318327975, 0.19903691813804172, 0.1987179487179487, 0.1987179487179487, 0.2012779552715655, 0.20095693779904306, 0.20095693779904306, 0.20192307692307693, 0.20192307692307693, 0.2016, 0.2012779552715655, 0.20063694267515925, 0.20095693779904306, 0.20063694267515925, 0.20095693779904306, 0.2016, 0.20063694267515925, 0.20095693779904306, 0.20095693779904306, 0.2012779552715655, 0.2012779552715655, 0.2012779552715655, 0.2016, 0.2016, 0.2016, 0.2016, 0.20257234726688103, 0.2012779552715655, 0.2028985507246377, 0.2028985507246377, 0.2028985507246377, 0.20257234726688103, 0.2032258064516129, 0.20257234726688103, 0.20257234726688103, 0.20257234726688103, 0.2028985507246377, 0.20257234726688103, 0.20224719101123595, 0.20224719101123595, 0.20257234726688103, 0.20224719101123595, 0.20224719101123595, 0.20224719101123595, 0.20192307692307693, 0.20192307692307693, 0.20224719101123595, 0.20192307692307693, 0.2016, 0.2012779552715655, 0.2012779552715655, 0.20192307692307693, 0.2016, 0.2016, 0.2012779552715655, 0.2012779552715655, 0.2012779552715655, 0.2012779552715655, 0.2012779552715655, 0.2012779552715655, 0.2012779552715655, 0.2012779552715655, 0.2012779552715655, 0.2012779552715655, 0.20063694267515925, 0.20095693779904306, 0.20095693779904306, 0.20095693779904306, 0.2012779552715655, 0.2012779552715655, 0.2012779552715655, 0.2012779552715655, 0.2012779552715655, 0.2012779552715655, 0.2012779552715655, 0.2012779552715655, 0.20095693779904306, 0.20095693779904306, 0.2012779552715655, 0.2012779552715655, 0.2012779552715655]
initial validation AUC: [np.float64(0.4138447299651568), np.float64(0.4069577526132404), np.float64(0.4078288327526133), np.float64(0.4095709930313589), np.float64(0.40608667247386754), np.float64(0.40608667247386754), np.float64(0.4078288327526133), np.float64(0.40608667247386754), np.float64(0.4052155923344948), np.float64(0.40260235191637633), np.float64(0.4043445121951219), np.float64(0.40347343205574915), np.float64(0.40173127177700346), np.float64(0.40086019163763065), np.float64(0.3982469512195122), np.float64(0.39650479094076657), np.float64(0.40083297038327526), np.float64(0.3999618902439025), np.float64(0.40864547038327526), np.float64(0.4042900696864111), np.float64(0.412973649825784), np.float64(0.40861824912891986), np.float64(0.42424324912891986), np.float64(0.4129464285714286), np.float64(0.4259581881533101), np.float64(0.426829268292683), np.float64(0.42770034843205573), np.float64(0.4415831881533101), np.float64(0.4493956881533101), np.float64(0.45979420731707316), np.float64(0.4658645470383275), np.float64(0.46673562717770034), np.float64(0.46673562717770034), np.float64(0.4710638066202091), np.float64(0.48233340592334495), np.float64(0.4719076655052265), np.float64(0.4909897648083623), np.float64(0.49011868466898956), np.float64(0.49793118466898956), np.float64(0.49531794425087106), np.float64(0.4935757839721254), np.float64(0.4883493031358885), np.float64(0.4805095818815331), np.float64(0.483966681184669), np.float64(0.4891659407665505), np.float64(0.4952362804878049), np.float64(0.5039198606271778), np.float64(0.4926230400696864), np.float64(0.5030215592334495), np.float64(0.5030215592334495), np.float64(0.4995372386759582), np.float64(0.5203614982578397), np.float64(0.51426393728223), np.float64(0.5073225174216027), np.float64(0.5168771777003485), np.float64(0.5151350174216027), np.float64(0.5255335365853658), np.float64(0.5342171167247386), np.float64(0.5394163763066202), np.float64(0.5463577961672474), np.float64(0.5463577961672474), np.float64(0.5428734756097561), np.float64(0.5428734756097561), np.float64(0.5393891550522648), np.float64(0.5367759146341464), np.float64(0.5385180749128919), np.float64(0.5359048344947734), np.float64(0.5350337543554007), np.float64(0.533291594076655), np.float64(0.5393619337979094), np.float64(0.5463033536585366), np.float64(0.5497876742160279), np.float64(0.5480455139372822), np.float64(0.548916594076655), np.float64(0.548916594076655), np.float64(0.5593423344947734), np.float64(0.569768074912892), np.float64(0.5784516550522648), np.float64(0.5767094947735192), np.float64(0.5749673344947736), np.float64(0.5758384146341464), np.float64(0.5740962543554007), np.float64(0.5749673344947736), np.float64(0.5749673344947736), np.float64(0.5758384146341464), np.float64(0.572354094076655), np.float64(0.572354094076655), np.float64(0.5732251742160278), np.float64(0.572354094076655), np.float64(0.5732251742160278), np.float64(0.5714830139372822), np.float64(0.5714830139372822), np.float64(0.5697408536585367), np.float64(0.5697408536585367), np.float64(0.5706119337979094), np.float64(0.5679986933797909), np.float64(0.5679986933797909), np.float64(0.5679986933797909), np.float64(0.5671276132404182), np.float64(0.5671276132404182), np.float64(0.5671276132404182), np.float64(0.5653854529616724), np.float64(0.5636432926829269), np.float64(0.5619011324041812), np.float64(0.5592878919860627), np.float64(0.5592878919860627), np.float64(0.557545731707317), np.float64(0.557545731707317), np.float64(0.5584168118466899), np.float64(0.5566746515679443), np.float64(0.5566746515679443), np.float64(0.5558035714285714), np.float64(0.5523192508710801), np.float64(0.553190331010453), np.float64(0.553190331010453), np.float64(0.5540614111498258), np.float64(0.5549324912891986), np.float64(0.557545731707317), np.float64(0.5566746515679443), np.float64(0.557545731707317), np.float64(0.5584168118466899), np.float64(0.557545731707317), np.float64(0.557545731707317), np.float64(0.5558035714285714), np.float64(0.5558035714285714), np.float64(0.5514481707317073), np.float64(0.5523192508710801), np.float64(0.553190331010453), np.float64(0.5514481707317073), np.float64(0.553190331010453), np.float64(0.5540614111498258), np.float64(0.553190331010453), np.float64(0.5523192508710801), np.float64(0.5514481707317073), np.float64(0.5505770905923345), np.float64(0.5505770905923345), np.float64(0.5575185104529616), np.float64(0.5566474303135889), np.float64(0.5566474303135889), np.float64(0.5592606707317074), np.float64(0.5592606707317074), np.float64(0.5583895905923345), np.float64(0.5575185104529616), np.float64(0.555776350174216), np.float64(0.5566474303135889), np.float64(0.555776350174216), np.float64(0.5566474303135889), np.float64(0.5583895905923345), np.float64(0.555776350174216), np.float64(0.5566474303135889), np.float64(0.5566474303135889), np.float64(0.5575185104529616), np.float64(0.5575185104529616), np.float64(0.5575185104529616), np.float64(0.5583895905923345), np.float64(0.5583895905923345), np.float64(0.5583895905923345), np.float64(0.5583895905923345), np.float64(0.5610028310104529), np.float64(0.5575185104529616), np.float64(0.5618739111498258), np.float64(0.5618739111498258), np.float64(0.5618739111498258), np.float64(0.5610028310104529), np.float64(0.5627449912891985), np.float64(0.5610028310104529), np.float64(0.5610028310104529), np.float64(0.5610028310104529), np.float64(0.5618739111498258), np.float64(0.5610028310104529), np.float64(0.5601317508710801), np.float64(0.5601317508710801), np.float64(0.5610028310104529), np.float64(0.5601317508710801), np.float64(0.5601317508710801), np.float64(0.5601317508710801), np.float64(0.5592606707317074), np.float64(0.5592606707317074), np.float64(0.5601317508710801), np.float64(0.5592606707317074), np.float64(0.5583895905923345), np.float64(0.5575185104529616), np.float64(0.5575185104529616), np.float64(0.5592606707317074), np.float64(0.5583895905923345), np.float64(0.5583895905923345), np.float64(0.5575185104529616), np.float64(0.5575185104529616), np.float64(0.5575185104529616), np.float64(0.5575185104529616), np.float64(0.5575185104529616), np.float64(0.5575185104529616), np.float64(0.5575185104529616), np.float64(0.5575185104529616), np.float64(0.5575185104529616), np.float64(0.5575185104529616), np.float64(0.555776350174216), np.float64(0.5566474303135889), np.float64(0.5566474303135889), np.float64(0.5566474303135889), np.float64(0.5575185104529616), np.float64(0.5575185104529616), np.float64(0.5575185104529616), np.float64(0.5575185104529616), np.float64(0.5575185104529616), np.float64(0.5575185104529616), np.float64(0.5575185104529616), np.float64(0.5575185104529616), np.float64(0.5566474303135889), np.float64(0.5566474303135889), np.float64(0.5575185104529616), np.float64(0.5575185104529616), np.float64(0.5575185104529616)]
