learningRate: 2e-10
epochs: (194, 1000)
treshold: 0.5
model: Ivan_NN6(
  (net): Sequential(
    (0): Linear(in_features=28, out_features=8, bias=True)
    (1): BatchNorm1d(8, eps=1e-05, momentum=0.1, affine=True, track_running_stats=True)
    (2): LeakyReLU(negative_slope=0.1)
    (3): Linear(in_features=8, out_features=1, bias=True)
  )
)
initial training loss: [0.005246152243056855, 0.0052417322412713786, 0.005230706125110775, 0.005221979912225302, 0.005212751038662799, 0.0052026258970235845, 0.005191269540167474, 0.005177059003284999, 0.005165583948036293, 0.0051516113652811425, 0.005140845775604248, 0.005122876012480104, 0.005111809628350394, 0.005094597417038756, 0.005079686904882456, 0.005062705200987977, 0.005046434077349576, 0.005027427054070807, 0.005009544313728035, 0.004991532688017016, 0.004976075051666854, 0.004955092513716066, 0.0049351315064863725, 0.004913292178859959, 0.00489348857433765, 0.004873581288696883, 0.004851334714270257, 0.004830687882064225, 0.004809855578781722, 0.004785200945742718, 0.004763953515461513, 0.004741585006961575, 0.004718055198718975, 0.0046943415449811265, 0.004672922283023983, 0.004648981729111114, 0.004624325873015763, 0.004600514777295001, 0.004576654434204102, 0.004551956034325934, 0.004526364973613194, 0.004500501604823323, 0.004476531062807355, 0.0044532350595895345, 0.004426464786777249, 0.0044004785240470586, 0.004377262778096385, 0.004351616679848015, 0.00432487559008908, 0.004297494532225968, 0.004273464896462181, 0.004249124496014087, 0.004219892210774607, 0.00419198811828316, 0.004166191599585793, 0.004140505697820093, 0.004111910888126918, 0.00408774081762735, 0.004058175288237534, 0.004034977872650345, 0.004007948265447245, 0.003980529401209448, 0.00395329854705117, 0.00392696492083661, 0.0039025697924874045, 0.0038723745593776952, 0.0038472706621343437, 0.003820707736077247, 0.003793736371127042, 0.0037667137307006043, 0.003741369154546168, 0.003714693800195471, 0.003689439126423427, 0.003663771694356745, 0.003637902241248589, 0.0036108930389602465, 0.0035870746358648525, 0.0035593039339238946, 0.003536347739108197, 0.00351087811705354, 0.003485940911553123, 0.0034586310386657713, 0.003433852242184924, 0.0034102819647107807, 0.003382859384858763, 0.0033605869249864057, 0.0033340115516216724, 0.0033109660427291672, 0.0032877090844241055, 0.0032660643466107257, 0.0032413348284634678, 0.0032166896392772726, 0.003194169363418183, 0.003170297285179039, 0.0031493030740069104, 0.0031283017876860384, 0.00310607724375539, 0.0030864988441591137, 0.00306655900818961, 0.003049860031573803, 0.0030284726619720457, 0.0030103831167344925, 0.002993562507939029, 0.002975183856951726, 0.0029580962116068058, 0.0029395092539973074, 0.002923049601641568, 0.002908721589422845, 0.0028936011992491684, 0.002878979506430688, 0.0028636501206980125, 0.002847911367168674, 0.0028317494671066088, 0.002819830783001788, 0.002804331686589625, 0.002790995936889153, 0.0027765470278727543, 0.0027650257828947785, 0.0027523674825569253, 0.002741374597921, 0.0027278572553163997, 0.0027172622742590966, 0.0027043566223862885, 0.0026934642760784596, 0.00268143790108817, 0.0026701147834975996, 0.0026628613394576233, 0.002648953083273652, 0.0026395517200618595, 0.002631188112419921, 0.002620497384628692, 0.0026117618440033553, 0.002601500370285728, 0.002591253580985131, 0.0025834267402624154, 0.0025744670474684085, 0.0025670877679601894, 0.0025587649778886275, 0.0025483082796072033, 0.0025419521951056145, 0.0025334743323264185, 0.0025267458658713798, 0.002517007573858484, 0.0025105690878707092, 0.0025045821728644432, 0.0024961826243957916, 0.002490532971047736, 0.0024853511599751263, 0.0024781542010121533, 0.0024699215300671468, 0.002466224610031425, 0.002459995274419908, 0.0024534841636558633, 0.002449514401423467, 0.0024430690028450705, 0.0024390697556656675, 0.0024320169547935584, 0.0024255235396422347, 0.0024232756317435922, 0.0024159025294440135, 0.002412836141400523, 0.002410597847653674, 0.0024058766411496446, 0.002403063038726906, 0.0023987018597590457, 0.0023952164588036473, 0.0023888208184923445, 0.002385773356858786, 0.0023834631272724696, 0.002379548085200322, 0.0023781886425885287, 0.002373616842480449, 0.0023707823165051347, 0.0023695954022469458, 0.0023664382912895895, 0.0023641893151518587, 0.002361868287061716, 0.0023610798724285967, 0.0023567195449556624, 0.0023563463269890127, 0.0023555834339810656, 0.0023535905488125688, 0.002350354272049743, 0.0023494347271981178, 0.00234894225349674, 0.002346711414200919, 0.0023443178619657243, 0.0023430794709688656, 0.0023406434136551695, 0.002338943357591505, 0.0023364318810500107, 0.0023316851993659873, 0.002332153459648033, 0.0023273894848761622, 0.002324451602898635]
initial training acc: [0.652077922077922, 0.6531818181818182, 0.6544155844155845, 0.655974025974026, 0.6572727272727272, 0.6588961038961039, 0.6605844155844156, 0.662012987012987, 0.6624675324675324, 0.6656493506493506, 0.6685714285714286, 0.6696103896103897, 0.6712337662337662, 0.6735714285714286, 0.6757792207792208, 0.6774675324675324, 0.6794155844155844, 0.6822077922077923, 0.6826623376623376, 0.6838311688311688, 0.6879220779220779, 0.6887012987012987, 0.689935064935065, 0.6938311688311688, 0.6946103896103896, 0.6957142857142857, 0.6996103896103896, 0.701038961038961, 0.7031818181818181, 0.706038961038961, 0.7081168831168831, 0.7096103896103896, 0.7126623376623377, 0.714025974025974, 0.715, 0.717922077922078, 0.7206493506493507, 0.7214285714285714, 0.7240909090909091, 0.7248701298701299, 0.7263636363636363, 0.7285714285714285, 0.7294805194805195, 0.7307792207792208, 0.7338311688311688, 0.736038961038961, 0.7366883116883117, 0.7387012987012987, 0.7386363636363636, 0.741038961038961, 0.7415584415584415, 0.7415584415584415, 0.7442207792207792, 0.7438311688311688, 0.744025974025974, 0.7454545454545455, 0.747012987012987, 0.7452597402597403, 0.7462337662337662, 0.7477922077922078, 0.7467532467532467, 0.7475324675324675, 0.7481818181818182, 0.7485064935064935, 0.7483766233766234, 0.7484415584415585, 0.7481818181818182, 0.7489610389610389, 0.7486363636363637, 0.7481818181818182, 0.7495454545454545, 0.7496753246753247, 0.7492207792207792, 0.7487012987012988, 0.7483766233766234, 0.7479220779220779, 0.7493506493506493, 0.7505844155844156, 0.7490909090909091, 0.7485714285714286, 0.7483766233766234, 0.7485714285714286, 0.7477922077922078, 0.7482467532467533, 0.7476623376623377, 0.7460389610389611, 0.7475324675324675, 0.7456493506493507, 0.7456493506493507, 0.7451298701298701, 0.7437012987012988, 0.7427922077922078, 0.7430519480519481, 0.7411038961038962, 0.7416233766233766, 0.7402597402597403, 0.7405194805194805, 0.7371428571428571, 0.7380519480519481, 0.7357142857142858, 0.7353246753246753, 0.7350649350649351, 0.7335064935064936, 0.734025974025974, 0.7325324675324675, 0.7318831168831169, 0.7312337662337662, 0.731038961038961, 0.7298051948051948, 0.7275324675324676, 0.7262337662337662, 0.7264935064935065, 0.7255194805194806, 0.7248701298701299, 0.724935064935065, 0.7241558441558441, 0.7216883116883117, 0.7222077922077922, 0.7226623376623377, 0.7207142857142858, 0.7187012987012987, 0.717987012987013, 0.7171428571428572, 0.7178571428571429, 0.7151298701298702, 0.7157142857142857, 0.7159090909090909, 0.7151298701298702, 0.7131818181818181, 0.712987012987013, 0.7122727272727273, 0.7122077922077922, 0.7097402597402598, 0.7085064935064935, 0.7086363636363636, 0.7082467532467532, 0.7081168831168831, 0.708051948051948, 0.7058441558441558, 0.7059090909090909, 0.7051298701298702, 0.7047402597402598, 0.7033766233766233, 0.7027272727272728, 0.7012987012987013, 0.7014935064935065, 0.7013636363636364, 0.699025974025974, 0.7, 0.698961038961039, 0.6982467532467532, 0.6978571428571428, 0.6981168831168831, 0.6971428571428572, 0.6970779220779221, 0.6961038961038961, 0.6957142857142857, 0.6964285714285714, 0.695, 0.6955844155844156, 0.695064935064935, 0.6947402597402598, 0.6940909090909091, 0.6934415584415584, 0.6942857142857143, 0.6935064935064935, 0.6928571428571428, 0.693051948051948, 0.6913636363636364, 0.6918831168831169, 0.6916883116883117, 0.691948051948052, 0.6907142857142857, 0.6912337662337662, 0.6906493506493506, 0.6903896103896104, 0.6908441558441558, 0.6897402597402598, 0.6895454545454546, 0.6894805194805195, 0.6883766233766234, 0.6886363636363636, 0.689025974025974, 0.6890909090909091, 0.6885714285714286, 0.6890909090909091, 0.6892857142857143, 0.6878571428571428, 0.6888311688311688, 0.688051948051948, 0.6872727272727273, 0.6873376623376624, 0.6866233766233766, 0.6877272727272727, 0.686948051948052]
initial validation loss: [0.0022233528403279175, 0.0022662476312404144, 0.0022570597340694416, 0.0022513898188791306, 0.002240989275486865, 0.002228647937595284, 0.0022254089203000444, 0.0022131395190487088, 0.002198119709110559, 0.002189276547267519, 0.002179572201074104, 0.0021662792441986944, 0.002155641403317825, 0.0021444164847131807, 0.002128309964386273, 0.0021202773509728123, 0.002106970006769354, 0.002094477695357463, 0.0020800490738082456, 0.002067355713500498, 0.002057124641621748, 0.002045846658066896, 0.0020342960626727733, 0.0020269430169491186, 0.0020143442019399803, 0.002002436912919287, 0.001995847890369571, 0.0019845060046563704, 0.001976302051245232, 0.001967500369750594, 0.0019611622846238664, 0.0019557279852864136, 0.0019467938282646728, 0.0019411820229318076, 0.0019359289665580918, 0.0019312005805371324, 0.001926881205699287, 0.0019234243231507305, 0.0019207183843869774, 0.0019189948945957291, 0.0019176036212885268, 0.0019175118787161608, 0.0019174320944424334, 0.00191791173432688, 0.0019197004342153903, 0.0019222703473321323, 0.001923424696847563, 0.0019276499000836316, 0.0019318375467880392, 0.0019332646949911565, 0.001937698234211315, 0.001943072742055576, 0.0019491043957796965, 0.0019556231633249123, 0.0019602897025201016, 0.0019647198784687675, 0.0019719598809006074, 0.0019772034080050957, 0.001982304930313254, 0.001991883901219383, 0.0019967443890706125, 0.002002939908855761, 0.0020109680379072326, 0.00201986276991315, 0.00202487367073944, 0.0020308019972893887, 0.0020371613831355654, 0.002050696682406817, 0.0020547727806067393, 0.0020599602531863603, 0.0020693280853821567, 0.0020771377886350624, 0.0020817990960745976, 0.0020916103195620928, 0.0020953874602960567, 0.002100957224735272, 0.002111062173933071, 0.002118274896496142, 0.002123222829406164, 0.0021300760556164206, 0.002139452295990947, 0.0021462561942193203, 0.002155640469075744, 0.0021637211025321746, 0.002166621924194049, 0.0021752079826163648, 0.002183229198276436, 0.002189919305819329, 0.002201424497048309, 0.0022054791076803657, 0.002213329357039592, 0.002217520553863908, 0.0022273252376568357, 0.002235030492645072, 0.0022456709494037687, 0.0022560333757191244, 0.0022606683375319715, 0.002265757901541492, 0.002274901515637819, 0.002286092427830711, 0.0022938806435157514, 0.0023059020969187576, 0.0023069127600021124, 0.0023117786664574123, 0.002315691832838387, 0.002325684486138036, 0.00233700936864536, 0.00233921175092739, 0.0023474603611100056, 0.002354277525575931, 0.002361619920939861, 0.0023662414296667404, 0.0023707825935746435, 0.002377945801307415, 0.0023902811600496777, 0.0023930480113971194, 0.002396640172199022, 0.002402551308694678, 0.002411165954924676, 0.00242296487186396, 0.0024285471551470624, 0.00243366007520861, 0.0024322742205054784, 0.002439208912625208, 0.0024457230089600184, 0.0024544813416220927, 0.002455016101789325, 0.0024658815240411547, 0.002464973253889891, 0.0024752899023432716, 0.0024739012449138966, 0.0024804235625790205, 0.002483016271202542, 0.0024921697882649293, 0.0024964577725688493, 0.002496045024417411, 0.0025035722128649864, 0.0025021562755668425, 0.0025166351593400244, 0.0025147575196053915, 0.002513506569458773, 0.002517711779914306, 0.0025245194151110035, 0.002529218465930616, 0.0025299972501294367, 0.0025326422763095008, 0.0025385780767960982, 0.0025443025517239465, 0.0025497760892288063, 0.0025548492105776986, 0.0025613623726704277, 0.0025558568840863935, 0.0025678058403039053, 0.0025623547246089924, 0.002566920552507837, 0.0025765324087352213, 0.0025739051331546987, 0.0025772338376897257, 0.0025820235099912065, 0.0025822817345024277, 0.002584750749474409, 0.0025889849214344564, 0.0025896456174342238, 0.0025919920598451622, 0.002594510776495859, 0.002598678804116563, 0.002598194679870127, 0.0025965765725856293, 0.0026018428951968967, 0.0026063521080256255, 0.002605520819421846, 0.0026049150568564486, 0.0026097998350017872, 0.002619019496403518, 0.0026136477912855, 0.0026141724616382564, 0.0026183092855734513, 0.002615411079789404, 0.0026138025017741332, 0.002618292469215991, 0.00261860226389009, 0.0026203689156654862, 0.0026228416676057917, 0.0026262628621068493, 0.0026270526703622275, 0.0026273406037716283, 0.002622573726976927, 0.002626411219749331, 0.0026281941273369387, 0.0026318557957496764, 0.0026299719900173078, 0.0026411660786332756, 0.002626824715294434, 0.002638113162360595, 0.0026388642929938144]
initial validation acc: [0.6630094043887147, 0.6473354231974922, 0.6489028213166145, 0.6473354231974922, 0.6489028213166145, 0.6489028213166145, 0.64576802507837, 0.6473354231974922, 0.6489028213166145, 0.6504702194357367, 0.6489028213166145, 0.6473354231974922, 0.6520376175548589, 0.6536050156739812, 0.6536050156739812, 0.6473354231974922, 0.6489028213166145, 0.6473354231974922, 0.6442006269592476, 0.64576802507837, 0.6394984326018809, 0.6410658307210031, 0.6332288401253918, 0.6379310344827587, 0.6347962382445141, 0.6316614420062696, 0.6269592476489029, 0.6175548589341693, 0.6128526645768025, 0.6112852664576802, 0.6081504702194357, 0.603448275862069, 0.5987460815047022, 0.5987460815047022, 0.6018808777429467, 0.5956112852664577, 0.5909090909090909, 0.5862068965517241, 0.5815047021943573, 0.5830721003134797, 0.5815047021943573, 0.5783699059561128, 0.5721003134796239, 0.5768025078369906, 0.5736677115987461, 0.5736677115987461, 0.5799373040752351, 0.5768025078369906, 0.5768025078369906, 0.5752351097178683, 0.5768025078369906, 0.5736677115987461, 0.5658307210031348, 0.5595611285266457, 0.5579937304075235, 0.5564263322884012, 0.54858934169279, 0.5470219435736677, 0.542319749216301, 0.5391849529780565, 0.5407523510971787, 0.5391849529780565, 0.5360501567398119, 0.5250783699059561, 0.5266457680250783, 0.5266457680250783, 0.5219435736677116, 0.5172413793103449, 0.5172413793103449, 0.5078369905956113, 0.5062695924764891, 0.49843260188087773, 0.49843260188087773, 0.49059561128526646, 0.4890282131661442, 0.48589341692789967, 0.4843260188087774, 0.4827586206896552, 0.4827586206896552, 0.4827586206896552, 0.4843260188087774, 0.4780564263322884, 0.47492163009404387, 0.47335423197492166, 0.47335423197492166, 0.4670846394984326, 0.4670846394984326, 0.46865203761755486, 0.46394984326018807, 0.46238244514106586, 0.46238244514106586, 0.4592476489028213, 0.4592476489028213, 0.45454545454545453, 0.45141065830721006, 0.4498432601880878, 0.4498432601880878, 0.4498432601880878, 0.44670846394984326, 0.438871473354232, 0.44200626959247646, 0.44043887147335425, 0.44043887147335425, 0.44043887147335425, 0.438871473354232, 0.4373040752351097, 0.4373040752351097, 0.44043887147335425, 0.43573667711598746, 0.4263322884012539, 0.43260188087774293, 0.42946708463949845, 0.4278996865203762, 0.4169278996865204, 0.4153605015673981, 0.41379310344827586, 0.4122257053291536, 0.41379310344827586, 0.4090909090909091, 0.40752351097178685, 0.40282131661442006, 0.4012539184952978, 0.40282131661442006, 0.40282131661442006, 0.4012539184952978, 0.3996865203761755, 0.4012539184952978, 0.390282131661442, 0.3949843260188088, 0.39184952978056425, 0.3949843260188088, 0.39184952978056425, 0.39184952978056425, 0.390282131661442, 0.390282131661442, 0.3887147335423197, 0.3887147335423197, 0.3871473354231975, 0.38557993730407525, 0.38557993730407525, 0.3887147335423197, 0.384012539184953, 0.3793103448275862, 0.3824451410658307, 0.3824451410658307, 0.384012539184953, 0.384012539184953, 0.3777429467084639, 0.3761755485893417, 0.3761755485893417, 0.37460815047021945, 0.3777429467084639, 0.3730407523510972, 0.3793103448275862, 0.3761755485893417, 0.3730407523510972, 0.37460815047021945, 0.3714733542319749, 0.3714733542319749, 0.3667711598746082, 0.3652037617554859, 0.3667711598746082, 0.3667711598746082, 0.3667711598746082, 0.36363636363636365, 0.36363636363636365, 0.3620689655172414, 0.3652037617554859, 0.3620689655172414, 0.3620689655172414, 0.3620689655172414, 0.3620689655172414, 0.3620689655172414, 0.3605015673981191, 0.35893416927899685, 0.3605015673981191, 0.3605015673981191, 0.3605015673981191, 0.3605015673981191, 0.3605015673981191, 0.35893416927899685, 0.3605015673981191, 0.3573667711598746, 0.3605015673981191, 0.35893416927899685, 0.3573667711598746, 0.3557993730407524, 0.35266457680250785, 0.3542319749216301, 0.3573667711598746, 0.3542319749216301, 0.3510971786833856, 0.3573667711598746, 0.35266457680250785, 0.35266457680250785]
initial validation precision: [0.13526570048309178, 0.12903225806451613, 0.13636363636363635, 0.13574660633484162, 0.13963963963963963, 0.14285714285714285, 0.13839285714285715, 0.14222222222222222, 0.14601769911504425, 0.14666666666666667, 0.14601769911504425, 0.14537444933920704, 0.1504424778761062, 0.1511111111111111, 0.1511111111111111, 0.14847161572052403, 0.15217391304347827, 0.15151515151515152, 0.15021459227467812, 0.15384615384615385, 0.15126050420168066, 0.1518987341772152, 0.15163934426229508, 0.15352697095435686, 0.1522633744855967, 0.15384615384615385, 0.15476190476190477, 0.15384615384615385, 0.1520912547528517, 0.15151515151515152, 0.15298507462686567, 0.15129151291512916, 0.14963503649635038, 0.15467625899280577, 0.15827338129496402, 0.15845070422535212, 0.156794425087108, 0.15517241379310345, 0.15358361774744028, 0.1564625850340136, 0.15593220338983052, 0.15488215488215487, 0.15737704918032788, 0.1611842105263158, 0.16013071895424835, 0.16233766233766234, 0.16447368421052633, 0.16339869281045752, 0.16774193548387098, 0.1650485436893204, 0.16558441558441558, 0.16666666666666666, 0.1640378548895899, 0.16199376947040497, 0.16149068322981366, 0.1609907120743034, 0.15853658536585366, 0.1580547112462006, 0.1566265060240964, 0.15568862275449102, 0.15615615615615616, 0.15568862275449102, 0.15680473372781065, 0.1536231884057971, 0.15406976744186046, 0.15406976744186046, 0.15273775216138327, 0.15142857142857144, 0.15142857142857144, 0.15083798882681565, 0.15041782729805014, 0.14835164835164835, 0.14835164835164835, 0.14634146341463414, 0.14594594594594595, 0.14516129032258066, 0.1447721179624665, 0.1443850267379679, 0.14627659574468085, 0.14627659574468085, 0.14666666666666667, 0.14511873350923482, 0.14435695538057744, 0.14397905759162305, 0.14397905759162305, 0.14248704663212436, 0.14248704663212436, 0.14285714285714285, 0.14175257731958762, 0.14138817480719795, 0.14138817480719795, 0.14066496163682865, 0.14066496163682865, 0.13959390862944163, 0.1388888888888889, 0.1385390428211587, 0.1385390428211587, 0.1385390428211587, 0.13784461152882205, 0.13613861386138615, 0.14039408866995073, 0.14004914004914004, 0.14004914004914004, 0.14004914004914004, 0.13970588235294118, 0.1393643031784841, 0.1393643031784841, 0.14004914004914004, 0.13902439024390245, 0.13701923076923078, 0.1383495145631068, 0.13768115942028986, 0.13734939759036144, 0.13507109004739337, 0.1347517730496454, 0.13443396226415094, 0.13411764705882354, 0.13443396226415094, 0.13348946135831383, 0.13317757009345793, 0.13225058004640372, 0.13194444444444445, 0.13225058004640372, 0.13225058004640372, 0.13194444444444445, 0.13163972286374134, 0.13194444444444445, 0.12984054669703873, 0.13073394495412843, 0.13013698630136986, 0.13073394495412843, 0.13013698630136986, 0.13013698630136986, 0.12984054669703873, 0.12984054669703873, 0.12954545454545455, 0.12954545454545455, 0.1292517006802721, 0.12895927601809956, 0.12895927601809956, 0.12954545454545455, 0.12866817155756208, 0.12780269058295965, 0.12837837837837837, 0.12837837837837837, 0.1303370786516854, 0.1303370786516854, 0.1291759465478842, 0.1288888888888889, 0.1288888888888889, 0.1286031042128603, 0.1291759465478842, 0.12831858407079647, 0.12946428571428573, 0.1288888888888889, 0.12831858407079647, 0.1286031042128603, 0.1280353200883002, 0.1280353200883002, 0.12719298245614036, 0.12691466083150985, 0.12719298245614036, 0.12719298245614036, 0.12719298245614036, 0.12663755458515283, 0.12663755458515283, 0.12636165577342048, 0.12691466083150985, 0.12636165577342048, 0.12636165577342048, 0.12636165577342048, 0.12636165577342048, 0.12636165577342048, 0.12608695652173912, 0.12581344902386118, 0.12608695652173912, 0.12608695652173912, 0.12608695652173912, 0.12608695652173912, 0.12608695652173912, 0.12581344902386118, 0.12608695652173912, 0.12391304347826088, 0.12608695652173912, 0.12581344902386118, 0.12391304347826088, 0.12364425162689804, 0.12311015118790497, 0.12337662337662338, 0.12391304347826088, 0.12337662337662338, 0.12284482758620689, 0.12391304347826088, 0.12311015118790497, 0.12311015118790497]
initial validation recall: [0.4375, 0.4375, 0.46875, 0.46875, 0.484375, 0.5, 0.484375, 0.5, 0.515625, 0.515625, 0.515625, 0.515625, 0.53125, 0.53125, 0.53125, 0.53125, 0.546875, 0.546875, 0.546875, 0.5625, 0.5625, 0.5625, 0.578125, 0.578125, 0.578125, 0.59375, 0.609375, 0.625, 0.625, 0.625, 0.640625, 0.640625, 0.640625, 0.671875, 0.6875, 0.703125, 0.703125, 0.703125, 0.703125, 0.71875, 0.71875, 0.71875, 0.75, 0.765625, 0.765625, 0.78125, 0.78125, 0.78125, 0.8125, 0.796875, 0.796875, 0.8125, 0.8125, 0.8125, 0.8125, 0.8125, 0.8125, 0.8125, 0.8125, 0.8125, 0.8125, 0.8125, 0.828125, 0.828125, 0.828125, 0.828125, 0.828125, 0.828125, 0.828125, 0.84375, 0.84375, 0.84375, 0.84375, 0.84375, 0.84375, 0.84375, 0.84375, 0.84375, 0.859375, 0.859375, 0.859375, 0.859375, 0.859375, 0.859375, 0.859375, 0.859375, 0.859375, 0.859375, 0.859375, 0.859375, 0.859375, 0.859375, 0.859375, 0.859375, 0.859375, 0.859375, 0.859375, 0.859375, 0.859375, 0.859375, 0.890625, 0.890625, 0.890625, 0.890625, 0.890625, 0.890625, 0.890625, 0.890625, 0.890625, 0.890625, 0.890625, 0.890625, 0.890625, 0.890625, 0.890625, 0.890625, 0.890625, 0.890625, 0.890625, 0.890625, 0.890625, 0.890625, 0.890625, 0.890625, 0.890625, 0.890625, 0.890625, 0.890625, 0.890625, 0.890625, 0.890625, 0.890625, 0.890625, 0.890625, 0.890625, 0.890625, 0.890625, 0.890625, 0.890625, 0.890625, 0.890625, 0.890625, 0.890625, 0.890625, 0.890625, 0.90625, 0.90625, 0.90625, 0.90625, 0.90625, 0.90625, 0.90625, 0.90625, 0.90625, 0.90625, 0.90625, 0.90625, 0.90625, 0.90625, 0.90625, 0.90625, 0.90625, 0.90625, 0.90625, 0.90625, 0.90625, 0.90625, 0.90625, 0.90625, 0.90625, 0.90625, 0.90625, 0.90625, 0.90625, 0.90625, 0.90625, 0.90625, 0.90625, 0.90625, 0.90625, 0.90625, 0.90625, 0.890625, 0.90625, 0.90625, 0.890625, 0.890625, 0.890625, 0.890625, 0.890625, 0.890625, 0.890625, 0.890625, 0.890625, 0.890625]
initial validation F1: [0.2066420664206642, 0.199288256227758, 0.2112676056338028, 0.21052631578947367, 0.21678321678321677, 0.2222222222222222, 0.2152777777777778, 0.22145328719723184, 0.22758620689655173, 0.22837370242214533, 0.22758620689655173, 0.2268041237113402, 0.23448275862068965, 0.23529411764705882, 0.23529411764705882, 0.23208191126279865, 0.23809523809523808, 0.23728813559322035, 0.2356902356902357, 0.24161073825503357, 0.23841059602649006, 0.23920265780730898, 0.24025974025974026, 0.24262295081967214, 0.24104234527687296, 0.24437299035369775, 0.2468354430379747, 0.24691358024691357, 0.24464831804281345, 0.24390243902439024, 0.2469879518072289, 0.24477611940298508, 0.24260355029585798, 0.25146198830409355, 0.2573099415204678, 0.25862068965517243, 0.2564102564102564, 0.2542372881355932, 0.25210084033613445, 0.2569832402234637, 0.2562674094707521, 0.2548476454293629, 0.2601626016260163, 0.266304347826087, 0.2648648648648649, 0.26881720430107525, 0.2717391304347826, 0.2702702702702703, 0.27807486631016043, 0.2734584450402145, 0.27419354838709675, 0.2765957446808511, 0.27296587926509186, 0.2701298701298701, 0.2694300518134715, 0.268733850129199, 0.2653061224489796, 0.26463104325699743, 0.26262626262626265, 0.2613065326633166, 0.2619647355163728, 0.2613065326633166, 0.263681592039801, 0.2591687041564792, 0.25980392156862747, 0.25980392156862747, 0.25790754257907544, 0.2560386473429952, 0.2560386473429952, 0.2559241706161137, 0.2553191489361702, 0.2523364485981308, 0.2523364485981308, 0.24942263279445728, 0.2488479262672811, 0.24770642201834864, 0.2471395881006865, 0.2465753424657534, 0.25, 0.25, 0.2505694760820046, 0.24830699774266365, 0.24719101123595505, 0.24663677130044842, 0.24663677130044842, 0.24444444444444444, 0.24444444444444444, 0.24498886414253898, 0.24336283185840707, 0.24282560706401765, 0.24282560706401765, 0.24175824175824176, 0.24175824175824176, 0.24017467248908297, 0.2391304347826087, 0.2386117136659436, 0.2386117136659436, 0.2386117136659436, 0.23758099352051837, 0.23504273504273504, 0.2425531914893617, 0.24203821656050956, 0.24203821656050956, 0.24203821656050956, 0.24152542372881355, 0.24101479915433405, 0.24101479915433405, 0.24203821656050956, 0.24050632911392406, 0.2375, 0.23949579831932774, 0.2384937238493724, 0.23799582463465555, 0.2345679012345679, 0.23408624229979466, 0.2336065573770492, 0.2331288343558282, 0.2336065573770492, 0.23217922606924643, 0.23170731707317074, 0.23030303030303031, 0.22983870967741934, 0.23030303030303031, 0.23030303030303031, 0.22983870967741934, 0.22937625754527163, 0.22983870967741934, 0.22664015904572565, 0.228, 0.22709163346613545, 0.228, 0.22709163346613545, 0.22709163346613545, 0.22664015904572565, 0.22664015904572565, 0.2261904761904762, 0.2261904761904762, 0.22574257425742575, 0.22529644268774704, 0.22529644268774704, 0.2261904761904762, 0.22485207100591717, 0.2235294117647059, 0.22440944881889763, 0.22440944881889763, 0.22789783889980353, 0.22789783889980353, 0.22612085769980506, 0.22568093385214008, 0.22568093385214008, 0.22524271844660193, 0.22612085769980506, 0.2248062015503876, 0.2265625, 0.22568093385214008, 0.2248062015503876, 0.22524271844660193, 0.22437137330754353, 0.22437137330754353, 0.2230769230769231, 0.22264875239923224, 0.2230769230769231, 0.2230769230769231, 0.2230769230769231, 0.2222222222222222, 0.2222222222222222, 0.22179732313575526, 0.22264875239923224, 0.22179732313575526, 0.22179732313575526, 0.22179732313575526, 0.22179732313575526, 0.22179732313575526, 0.22137404580152673, 0.22095238095238096, 0.22137404580152673, 0.22137404580152673, 0.22137404580152673, 0.22137404580152673, 0.22137404580152673, 0.22095238095238096, 0.22137404580152673, 0.21755725190839695, 0.22137404580152673, 0.22095238095238096, 0.21755725190839695, 0.21714285714285714, 0.21631878557874762, 0.21673003802281368, 0.21755725190839695, 0.21673003802281368, 0.2159090909090909, 0.21755725190839695, 0.21631878557874762, 0.21631878557874762]
initial validation AUC: [np.float64(0.5628266550522648), np.float64(0.5541158536585366), np.float64(0.5688697735191638), np.float64(0.5679986933797909), np.float64(0.5758111933797909), np.float64(0.582752613240418), np.float64(0.5740690331010453), np.float64(0.5818815331010453), np.float64(0.5896940331010453), np.float64(0.5905651132404182), np.float64(0.5896940331010453), np.float64(0.5888229529616724), np.float64(0.5983776132404182), np.float64(0.5992486933797909), np.float64(0.5992486933797909), np.float64(0.5957643728222997), np.float64(0.6035768728222997), np.float64(0.6027057926829268), np.float64(0.6009636324041812), np.float64(0.6087761324041812), np.float64(0.6052918118466899), np.float64(0.6061628919860628), np.float64(0.6087489111498258), np.float64(0.6113621515679444), np.float64(0.6096199912891986), np.float64(0.6148192508710801), np.float64(0.6191474303135889), np.float64(0.6208623693379792), np.float64(0.6182491289198606), np.float64(0.6173780487804879), np.float64(0.6225773083623694), np.float64(0.6199640679442509), np.float64(0.6173508275261324), np.float64(0.6312336672473867), np.float64(0.6399172473867596), np.float64(0.6433743466898955), np.float64(0.640761106271777), np.float64(0.6381478658536586), np.float64(0.6355346254355401), np.float64(0.6433471254355401), np.float64(0.6424760452961673), np.float64(0.6407338850174216), np.float64(0.6511324041811847), np.float64(0.6606870644599303), np.float64(0.6589449041811847), np.float64(0.6658863240418118), np.float64(0.6693706445993032), np.float64(0.6676284843205575), np.float64(0.6815113240418118), np.float64(0.6736988240418118), np.float64(0.6745699041811847), np.float64(0.6797691637630662), np.float64(0.675413763066202), np.float64(0.6719294425087108), np.float64(0.671058362369338), np.float64(0.6701872822299652), np.float64(0.665831881533101), np.float64(0.6649608013937283), np.float64(0.6623475609756098), np.float64(0.6606054006968641), np.float64(0.661476480836237), np.float64(0.6606054006968641), np.float64(0.6658046602787456), np.float64(0.6597070993031359), np.float64(0.6605781794425087), np.float64(0.6605781794425087), np.float64(0.6579649390243902), np.float64(0.6553516986062717), np.float64(0.6553516986062717), np.float64(0.6570666376306621), np.float64(0.6561955574912892), np.float64(0.6518401567944251), np.float64(0.6518401567944251), np.float64(0.647484756097561), np.float64(0.6466136759581881), np.float64(0.6448715156794425), np.float64(0.6440004355400697), np.float64(0.6431293554006968), np.float64(0.6500707752613241), np.float64(0.6500707752613241), np.float64(0.6509418554006969), np.float64(0.6474575348432056), np.float64(0.6457153745644599), np.float64(0.6448442944250872), np.float64(0.6448442944250872), np.float64(0.6413599738675958), np.float64(0.6413599738675958), np.float64(0.6422310540069687), np.float64(0.6396178135888502), np.float64(0.6387467334494774), np.float64(0.6387467334494774), np.float64(0.6370045731707317), np.float64(0.6370045731707317), np.float64(0.6343913327526132), np.float64(0.6326491724738676), np.float64(0.6317780923344948), np.float64(0.6317780923344948), np.float64(0.6317780923344948), np.float64(0.6300359320557491), np.float64(0.625680531358885), np.float64(0.641305531358885), np.float64(0.6404344512195121), np.float64(0.6404344512195121), np.float64(0.6404344512195121), np.float64(0.6395633710801394), np.float64(0.6386922909407666), np.float64(0.6386922909407666), np.float64(0.6404344512195121), np.float64(0.6378212108013936), np.float64(0.6325947299651569), np.float64(0.6360790505226481), np.float64(0.6343368902439024), np.float64(0.6334658101045296), np.float64(0.6273682491289199), np.float64(0.6264971689895471), np.float64(0.6256260888501742), np.float64(0.6247550087108014), np.float64(0.6256260888501742), np.float64(0.6230128484320557), np.float64(0.6221417682926829), np.float64(0.6195285278745645), np.float64(0.6186574477351916), np.float64(0.6195285278745645), np.float64(0.6195285278745645), np.float64(0.6186574477351916), np.float64(0.6177863675958188), np.float64(0.6186574477351916), np.float64(0.6125598867595818), np.float64(0.6151731271777003), np.float64(0.6134309668989547), np.float64(0.6151731271777003), np.float64(0.6134309668989547), np.float64(0.6134309668989547), np.float64(0.6125598867595818), np.float64(0.6125598867595818), np.float64(0.6116888066202091), np.float64(0.6116888066202091), np.float64(0.6108177264808362), np.float64(0.6099466463414633), np.float64(0.6099466463414633), np.float64(0.6116888066202091), np.float64(0.6090755662020906), np.float64(0.6064623257839721), np.float64(0.6082044860627178), np.float64(0.6082044860627178), np.float64(0.6160169860627178), np.float64(0.6160169860627178), np.float64(0.6125326655052266), np.float64(0.6116615853658536), np.float64(0.6116615853658536), np.float64(0.6107905052264808), np.float64(0.6125326655052266), np.float64(0.6099194250871081), np.float64(0.6134037456445993), np.float64(0.6116615853658536), np.float64(0.6099194250871081), np.float64(0.6107905052264808), np.float64(0.6090483449477352), np.float64(0.6090483449477352), np.float64(0.6064351045296168), np.float64(0.6055640243902439), np.float64(0.6064351045296168), np.float64(0.6064351045296168), np.float64(0.6064351045296168), np.float64(0.6046929442508711), np.float64(0.6046929442508711), np.float64(0.6038218641114983), np.float64(0.6055640243902439), np.float64(0.6038218641114983), np.float64(0.6038218641114983), np.float64(0.6038218641114983), np.float64(0.6038218641114983), np.float64(0.6038218641114983), np.float64(0.6029507839721254), np.float64(0.6020797038327526), np.float64(0.6029507839721254), np.float64(0.6029507839721254), np.float64(0.6029507839721254), np.float64(0.6029507839721254), np.float64(0.6029507839721254), np.float64(0.6020797038327526), np.float64(0.6029507839721254), np.float64(0.5942672038327526), np.float64(0.6029507839721254), np.float64(0.6020797038327526), np.float64(0.5942672038327526), np.float64(0.5933961236933798), np.float64(0.5916539634146342), np.float64(0.592525043554007), np.float64(0.5942672038327526), np.float64(0.592525043554007), np.float64(0.5907828832752613), np.float64(0.5942672038327526), np.float64(0.5916539634146342), np.float64(0.5916539634146342)]
